100
0.99393022449089
0.99836419491168 0.99920239967855
0.93154413144687 0.99949913622999 0.89362768637931
0.2110648403451 0.99946903226089 0.12210757160998 0.99953963587395
0.7576313604291 0.31795306263372 0.98413781978227 0.0061590392119558 0.99455977326745
0.084060388008292 0.99926032550029 0.59834774705205 0.88387478768403 0.99238823440002 0.98526559483656
0.99833770375725 0.94224228386661 0.99788727904954 0.99855347816452 0.024338406270595 0.77869616891503 0.99115573801651
0.31000825271087 0.9991917083569 0.99908560727053 0.88108612375119 0.88679229542048 0.22738496892489 0.18878986006937 0.99936852288403
0.99908113298981 0.83195652696705 0.032335675751013 0.0023203106994044 0.49352806688745 0.031403416224814 0.94971538750973 0.97976281845649 0.055780537430206
0.0011080081050782 0.0013529363946655 0.99892976802225 0.9948765810538 0.98917812151791 0.4985596449909 0.99923836631999 0.98918820434894 0.99909061464383 0.90235451302076
0.97937899732571 0.72953575558851 0.99806450862794 0.9767239410104 0.9773061174735 0.99930042359915 0.78405580337591 0.0039421788956841 0.99906609168957 0.017755643707355 0.92029755063672
0.99587460044726 0.95412137573332 0.99952288605567 0.99456700221103 0.20800173728288 0.99232300147402 0.83298924799136 0.97665754749565 0.89871859060678 0.22013242513655 0.6104992640736 0.99947867399245
0.9983852436011 0.010515740183464 0.88123244272111 0.57004485346677 0.35479516312265 0.032633095058713 0.03814992237907 0.16394146435621 0.45045439682753 0.9931257572999 0.062821465806474 0.88389027471094 0.80968577101135
0.99506200016066 0.47481810042663 0.97755711646339 0.99502814433841 0.83424594630842 0.99519349307656 0.019182180002935 0.91557322688161 0.97356801878715 0.99881043302227 0.99846377380314 0.24338682021847 0.97468733689768 0.68844833323298
0.0042589850976301 0.45498058715438 0.9903747628216 0.68124575225877 0.087536218024436 0.92506076771106 0.64804286178692 0.24716540428377 0.99772565269248 0.96301361373564 0.78882138333798 0.016845420892522 0.96643512134427 0.69954232766501 0.64222559320392
0.96881145607384 0.414203979988 0.0064617150879505 0.20472794036031 0.87355387369635 0.7309198350965 0.0028465995888462 0.92230364296756 0.99940117666813 0.088423028389636 0.39340209252606 0.99589509646239 0.97192931093665 0.99063572925044 0.99437621895508 0.096607352555695
0.99919027040184 0.0045742116104477 0.99383088652538 0.031225765897895 0.85737693807465 0.87444172407477 0.98770449498414 0.96084964512086 0.99793582596755 0.99949164760425 0.90134189705699 0.40341271094403 0.0020112775521582 0.37325500309712 0.11768418424579 0.9944367550091 0.56863221870573
0.1897617651158 0.86951404436537 0.32010298912976 0.72240588751862 0.95034741242516 0.98969433763398 0.61454645983553 0.9424621588578 0.99066615992223 0.98922152083189 0.9130926844298 0.001303757529517 0.97880047367106 0.97794119609057 0.99028229554621 0.016518344247621 0.0017430614933683 0.063902043955975
0.99917823605999 0.96892624100878 0.95833775007157 0.91125319657106 0.0067334000744191 0.99602429324497 0.65444338582069 0.13314368838631 0.0016629091772211 0.88657462382387 0.74761987831013 0.89729097724229 0.98404159642066 0.20107657167687 0.99671276764456 0.71558240869504 0.99714199602415 0.63989436818712 0.010233018061822
0.96645936042446 0.99923517041123 0.83001695037873 0.99582790609083 0.93314268802601 0.028966558165013 0.94069952147129 0.93787289084305 0.0033034662639567 0.99793556137199 0.99881491431739 0.068629957889462 0.52873261094889 0.99902767816837 0.02637955470339 0.99937064543176 0.9166609426664 0.99585265132633 0.96276625662374 0.012838046465769
0.9895759654881 0.13188222481391 0.41447623093412 0.97354479433444 0.99722861182939 0.99729707895945 0.96989501189811 0.92777074739225 0.98597971726536 0.62508440554312 0.39044447345456 0.99088306167284 0.9954890688272 0.82104564963967 0.99635272323347 0.65420153679002 0.008496133343855 0.99033456517345 0.92658037213868 0.99620299577826 0.044023638296908
0.28003643925532 0.88746979773764 0.93387784515777 0.99947818933042 0.98694068869109 0.90466533479073 0.8432676713745 0.44036572762888 0.92172624420132 0.67101092144755 0.0010778732310037 0.0061889224490811 0.076384790465528 0.9164529044453 0.95986334668815 0.92681412447885 0.78817727894208 0.97069969505823 0.91448474078286 0.098075194555925 0.97449168106084 0.98441318870576
0.99141693216442 0.99650605541831 0.99929719451228 0.99597272353048 0.98734722966258 0.99936017989445 0.99446469642808 0.98567349387781 0.99653212475903 0.0067092481273958 0.9342847958007 0.99938371087417 0.10258969538514 0.89771075921297 0.90335434379653 0.99841726718458 0.90764667584175 0.99678070604411 0.98987808253184 0.53162343973077 0.86321620994802 0.97901414653544 0.97465414741447
0.65220382188097 0.70817790962062 0.05943591321991 0.97398243791395 0.99717061030614 0.83811873576745 0.97932641501884 0.97186332908142 0.9893042632358 0.9431884226241 0.84920670415392 0.99221284912558 0.99930511883891 0.5286980057222 0.31494438983617 0.72137965636688 0.57278387424087 0.9897103060004 0.88973391823662 0.98892513247198 0.76793626711673 0.99261340541315 0.99934833015979 0.9848413688875
0.83549359408019 0.98555073056503 0.99929595597566 0.0540461144078 0.96206732228177 0.076644747291427 0.9428392802351 0.88460605234897 0.99723010816501 0.019866451189112 0.31649106274661 0.9779940283016 0.73572561910558 0.99687306555049 0.93153177749129 0.99707562559432 0.36870656341134 0.97673834135035 0.12557286769912 0.99914477476625 0.98937672895772 0.9908051787184 0.99228319251452 0.99938697828759 0.9475829300555
0.66192857544908 0.4147023256181 0.99369986615552 0.99870886379075 0.99780195326184 0.0097779946101843 0.8899566516243 0.015395673767243 0.47615988521849 0.84542407670211 0.9688958173255 0.99412796029305 0.99938941190304 0.94219407327769 0.92575880657689 0.0054353888840989 0.0061721745749056 0.99748845611991 0.99894370737482 0.99911501798493 0.96753996880239 0.98496395723806 0.38361407818592 0.99939909614547 0.49175341578357 0.88711764281602
0.34398647029912 0.89909571784526 0.98810979267923 0.84597501946396 0.99886864142361 0.97995688420158 0.99941133043625 0.73387093751857 0.69994539996298 0.047105528884828 0.9468004180176 0.97615342954839 0.99904405136953 0.98921148276739 0.1868081031122 0.99841097669948 0.84317709373969 0.99557516493953 0.25410583570295 0.98372701337479 0.99086424781528 0.99884223368544 0.29955671759435 0.075309129611003 0.99734506322314 0.43913027002354 0.98235423227922
0.99052191708733 0.99944867695267 0.0052157128714941 0.94227493592132 0.99769236230231 0.026543360076509 0.95977966941589 0.44153062908422 0.99811728741777 0.99941795020508 0.99722039892378 0.97739666315283 0.74669549374562 0.61917150036968 0.33884055376276 0.98499880680686 0.99168713062253 0.56913349786439 0.76735173850458 0.96512657942142 0.9903249500242 0.9898327067084 0.87124976727965 0.999473107748 0.9994589138296 0.91949350385441 0.99679482678777 0.066453033341663
0.18687623318578 0.99911310115313 0.99121356107176 0.99948661934336 0.99944129223434 0.12565830156943 0.98478369490417 0.99703371796239 0.99666874700269 0.99060697908411 0.98896419334094 0.41780424398293 0.94534003608797 0.99719063947304 0.89725354811499 0.74346346228548 0.99754584015957 0.99898876481151 0.99919686993652 0.89785188076191 0.99943826417699 0.76242801673276 0.99825703791786 0.064317401820171 0.85293904298789 0.9303080360278 0.26218400452932 0.99711709771326 0.99290500524737
0.96990895613784 0.99537783977665 0.89417143984801 0.99845426113065 0.010051107359629 0.99953563857442 0.99744364309136 0.10988904146881 0.99499602014239 0.35742608268052 0.25583764737123 0.99841525227065 0.65241046818556 0.14274883567829 0.97825275140574 0.93226835576872 0.99112854094755 0.97645656294062 0.99558843983031 0.88912661252258 0.47570361734473 0.40114727719681 0.22521573357242 0.0019013867001076 0.72014301350254 0.97314762092093 0.91388888647839 0.89529518434092 0.44274719435691 0.99880587100623
0.47725239403434 0.97552777598935 0.0012558479721692 0.99947713132406 0.99937415507844 0.44126304034269 0.99713610522956 0.20707607885573 0.094095783740342 0.32913740840285 0.93550291259843 0.38107264473978 0.94525256727491 0.68164463872646 0.99953491205307 0.99304025514439 0.76288283996333 0.036703659597991 0.11878879690827 0.0058860261899328 0.019410908592892 0.69821955177064 0.99886750903637 0.90738784798273 0.95626774441864 0.71018450757751 0.19882284910089 0.97669583463236 0.83279850339774 0.98436961636926 0.99905981310669
0.87508738783838 0.99063043711306 0.85409212983404 0.97137668218718 0.37600398142396 0.95352797800836 0.93901298159113 0.99373499034397 0.94687968858447 0.95924213522454 0.99746870602471 0.99826693857078 0.094545432516484 0.99451688517758 0.97028436119416 0.56524844538252 0.96388736467016 0.51472203981232 0.99935071023385 0.99949390951058 0.8423555487191 0.95384338717782 0.30987053722097 0.52327852188959 0.30945766198508 0.40326933733466 0.19224202114199 0.013249366319417 0.87374819606449 0.24407928929827 0.981351112567 0.99522710420519
0.7110400656595 0.98555358367884 0.93431693094584 0.049869620518401 0.99950290404825 0.957393132885 0.99938293179447 0.52598484732617 0.58674334712001 0.82593218892326 0.99914606475436 0.99829331060099 0.99391386617733 0.15471259412391 0.12959725696133 0.9920204090941 0.94593600489379 0.038332664997914 0.99742303294211 0.99572396184185 0.68558352716067 0.99843317853649 0.52956811237803 0.9971990616653 0.99624078817681 0.93359434921975 0.24194292842212 0.98963365760404 0.03553557768174 0.10800237980593 0.0015965132563631 0.1492751563683 0.1669325074873
0.94629380262974 0.99638105950229 0.99138705318282 0.0037050475434555 0.012497202471884 0.053112741033478 0.81572100931885 0.99279839979347 0.99036774763568 0.9462440143625 0.99873599983677 0.99343660119445 0.0054893202014548 0.97893265014673 0.99627875580448 0.86805591718815 0.86720861884929 0.98109467851913 0.55987826191676 0.49817598664618 0.0023640226190209 0.78928257049326 0.23925530065881 0.27558627837645 0.99257183957446 0.99952801982274 0.99718883601717 0.0052907705229155 0.76756122658519 0.024128100642309 0.38642331602135 0.97478168807947 0.99908638167831 0.36071898154131
0.40336537269452 0.87933382968586 0.99903122242218 0.93892215555905 0.99920512000701 0.0023246390410401 0.99808361821442 0.9988194893113 0.9625727835847 0.90076568266614 0.41331634455023 0.96205536216224 0.57547023531644 0.026270880770778 0.99907017505314 0.99920670050744 0.76897626620875 0.96142247616328 0.050943364561937 0.4261190272719 0.901730286779 0.90280707179252 0.60917361164634 0.33955084599002 0.99017054203303 0.012394520995547 0.99384083975584 0.82237063115175 0.96998120716003 0.99814646526176 0.99953250594443 0.99724285324447 0.99863294317954 0.86422272670061 0.0071693874278884
0.92843030068457 0.99689319488215 0.99873672132412 0.97117628623458 0.83721058372752 0.99935198244598 0.99595749277501 0.60616330444088 0.058455053220194 0.99876511079676 0.97585428558633 0.98316590475396 0.99953010804634 0.83356114234945 0.99898342419631 0.75377734781806 0.99506771923637 0.99885244238496 0.13444801391655 0.99251742230081 0.99117693601034 0.30283488385468 0.98887772867093 0.018633880896232 0.96852934817998 0.98237929024468 0.0051407856823902 0.25523341032028 0.98020691843108 0.075867843347739 0.77967601181062 0.69280298338041 0.88463176069218 0.77189091475237 0.88987353376285 0.48561475008153
0.99830637985167 0.96586369629439 0.053725003501603 0.046516520952966 0.9955792220892 0.34637129116633 0.47817100064746 0.98846308552921 0.99633630627229 0.96285720979185 0.99908680925466 0.98083059143749 0.99556458490734 0.94932718817935 0.60879350498649 0.999537626443 0.83619860930017 0.87611421815441 0.99922390540309 0.1829658317873 0.99414956940641 0.0032481459993342 0.9976454716922 0.99130232332627 0.0012712592619213 0.08073413077125 0.95168528677907 0.99829322267991 0.99895658286323 0.18480075267522 0.002890987220536 0.996322329507 0.61783422494298 0.92538795748241 0.99215821483358 0.99942618821222 0.43376924987193
0.16202174224021 0.95373927273218 0.38960072312544 0.43092629486437 0.96603622473717 0.86704139994244 0.99376396767056 0.66035087140863 0.99527514442658 0.76307100032197 0.28611074447996 0.96348677542277 0.10178783672222 0.58754273994026 0.98559275619119 0.86632842549291 0.25673936658044 0.65550322454581 0.99777494034895 0.9483232812304 0.073263900170151 0.18745469215545 0.9930467963143 0.66439136532168 0.0012265395514785 0.99953061024252 0.10570473023206 0.99667397397238 0.0011105099291529 0.99865044946964 0.055398717141805 0.20421955266312 0.68372681309086 0.76216528177844 0.99416830185869 0.0083141528025548 0.96476173003522 0.037326888131232
0.95536146811418 0.001430677050124 0.99609698125835 0.99710609389043 0.95872109326133 0.84811532658808 0.45035691650602 0.011210858784834 0.99329507073806 0.35904152954038 0.0013740864625882 0.99235115974954 0.81859546940622 0.98277938862383 0.96293370633647 0.99219716106446 0.99559793221977 0.98817408222415 0.014306978149162 0.9705171327829 0.0065584503089931 0.0013237862065518 0.95392718086357 0.99626345796839 0.65896695721363 0.42422239755859 0.74192648557154 0.97713668193933 0.47727653027607 0.96167700725477 0.89937417178332 0.19176435390634 0.9709482300765 0.89164079383582 0.9931545046779 0.99892616261317 0.98903141611954 0.99734544828349 0.99881156887073
0.98339208936907 0.86719776081137 0.94754350357593 0.95043508473225 0.11899758598734 0.98722446965572 0.94162709861311 0.99269366389575 0.99952148419978 0.24540150436403 0.99822425362644 0.93624200374278 0.6618700574735 0.081099497071323 0.010609427792267 0.11196028989626 0.98956392804721 0.9991351138876 0.99865595456207 0.07765503291546 0.98285297325238 0.98732407954557 0.96434601134879 0.99771269489589 0.0065293555519845 0.99838796175061 0.99932753275159 0.072170592531375 0.99949525431833 0.0010149208341855 0.24928162921182 0.24692798423991 0.99877612365447 0.99044389127862 0.0032441152141667 0.443756473235 0.11632464970541 0.35345388353053 0.99457186248016 0.25154578704121
0.71908631843165 0.0015729476811293 0.8641183334535 0.9994090343856 0.99130956933478 0.51837783406623 0.78719980296166 0.75266176698361 0.99898171822768 0.95890114044432 0.99202994970433 0.036717889153157 0.96813361903243 0.25197900574012 0.0072523607444892 0.99658902016695 0.46180997806872 0.99416746339956 0.99140176325348 0.90412372473362 0.87236680980441 0.61508999185087 0.92421309172585 0.99631578994624 0.91603063657323 0.23704780606003 0.0097110050072403 0.99946326584354 0.9020310548653 0.87939954181178 0.9993885150882 0.97671426550401 0.08654118311299 0.16806937019662 0.98390082271327 0.95753308875931 0.99915671710026 0.96559572513473 0.99719193563067 0.9389187257966 0.95700988889083
0.99630319431597 0.99405569742905 0.83397984496937 0.03683460794766 0.0033036563959182 0.67459428712619 0.90861016701134 0.89481947749513 0.27101747282363 0.63194207250829 0.031463093858731 0.28553121847751 0.98911665311627 0.99945008539192 0.93961509009752 0.067857737491662 0.35028540722932 0.98469160653408 0.71004575648432 0.98242510382535 0.10979779890619 0.99908437161596 0.0098740941174719 0.42333985194414 0.78434115976261 0.24161273674013 0.9985200471093 0.77117668005697 0.024591173761284 0.93941742616736 0.99811066120942 0.99907240526735 0.9909463100888 0.99933319445146 0.9478009532303 0.98442421261874 0.99711318399336 0.98975422690947 0.0040875879935171 0.99914808949327 0.97927076478688 0.96234059383091
0.99441438373486 0.99882212251966 0.98574996007933 0.96245905374048 0.99950989766636 0.8667084375074 0.97526333377779 0.99945628890637 0.99253303821847 0.99572994327628 0.94513149362008 0.92268822028821 0.9277474354943 0.65762553549831 0.99913992549272 0.99882964844872 0.979292856274 0.54228376128941 0.87726677231156 0.99311437188104 0.99609932591149 0.68714829617091 0.99601868249035 0.9608718613413 0.066388014442057 0.99940842626356 0.99931072729475 0.98588930752089 0.99933385724575 0.0010811871771217 0.47696747547149 0.0086086476431244 0.5325644391551 0.20894729108987 0.99850878271166 0.9966776422593 0.01169982448471 0.76014431157164 0.0069335344615276 0.98068332023511 0.87049298759153 0.0061396046560783 0.16717014653046
0.87728668198074 0.99585940212258 0.97855405814927 0.53287435342639 0.99927525012557 0.85388466379202 0.0030061007585537 0.80089043366346 0.61759231071463 0.99574099859208 0.77025117692783 0.77976594563387 0.97256354113517 0.022043124922393 0.79169899519783 0.99789493388949 0.0053868260122656 0.15165701279057 0.96601360161744 0.99869954823807 0.54319080982913 0.90438373283104 0.98850477266703 0.98386960232659 0.99863848780838 0.90849524044087 0.0064364686010108 0.4767146253234 0.99183236287667 0.36531972613732 0.99925117143194 0.9941441746588 0.91121158261691 0.99931763922986 0.99766130574671 0.35808733888245 0.99739520529656 0.16230433705263 0.027091476830414 0.813250204447 0.98308670796434 0.96813274065026 0.98098417793649 0.99171339387448
0.99951753863941 0.98877643882588 0.27634553676379 0.9981345086899 0.99915900999793 0.8077767109041 0.013885250980094 0.97421134857102 0.10989867002793 0.026910034007299 0.99908829526316 0.93640313668725 0.99290400453254 0.9455890547308 0.53009753467647 0.53799885430616 0.75180816610543 0.0016511226804662 0.95764344840139 0.12233332652153 0.87377510852076 0.62190624521496 0.0025637594870743 0.0027353603904219 0.99171540169355 0.58691036187164 0.94250709294482 0.99156156882052 0.0017371591818021 0.99623967408639 0.68067236834433 0.99916294942071 0.99938605316451 0.99920427792789 0.72356145729393 0.96973537183669 0.15535818770384 0.65330851297161 0.98537590453697 0.99802287287014 0.97311205236926 0.74592853083698 0.62925276589851 0.96614492919099 0.99822753101446
0.52454007246669 0.97739683600025 0.32177142552444 0.12688926819163 0.5810898322508 0.966863521811 0.99892529548868 0.78040030824507 0.99603199098789 0.99900850540676 0.99923047734307 0.10489676678608 0.60974564654424 0.99630913002128 0.19726784303489 0.94279224277219 0.99783679494478 0.17099019016667 0.99305152825325 0.999343497455 0.99890716534213 0.034679886960014 0.10983841969445 0.19471858556609 0.94496011924035 0.97001260719384 0.69619518634655 0.99825504615754 0.22274472566574 0.90430893473084 0.98577932399219 0.0038848130031348 0.99911727529522 0.99416644015585 0.0064773946169553 0.60126632842669 0.98571794047928 0.47353051960175 0.43342398115042 0.99898504247098 0.99621086745914 0.99824365450105 0.99931972642979 0.44886292852809 0.99459390741756 0.99791613546095
0.17591089209631 0.99947977098791 0.0014921951594901 0.97532055315905 0.96337224880563 0.16014482872165 0.76561572970045 0.99324418355115 0.50543954884547 0.9988461319457 0.94711788887929 0.94675692737529 0.29798491373037 0.98106147402325 0.93049050116194 0.38334965370865 0.43902921673831 0.99091479218655 0.0038408815117538 0.70963531821087 0.95911207131089 0.67687077574697 0.94416312783996 0.99404667632739 0.90820504362357 0.99321116870482 0.46128492347485 0.40703820901444 0.99259401146475 0.97211863873907 0.99840666441384 0.83912911590249 0.9879744526125 0.99874996959843 0.88658164840975 0.0017210796166217 0.63614729520072 0.01273482181569 0.98623850986737 0.0015135274326615 0.99901700902389 0.97391680826367 0.70936871822355 0.99820864747947 0.99795310208968 0.093009280802828 0.93161564125043
0.081843998272811 0.99942753996398 0.012845454946263 0.45624809467941 0.83610169941143 0.99913081949753 0.91815300281839 0.99455705939868 0.33340955571727 0.45413036800098 0.96777911630952 0.79948150440567 0.69260468712997 0.88113296406531 0.98490024966332 0.12585211178598 0.98531304761023 0.99864427896809 0.99932812919933 0.99872947288177 0.050288917360487 0.11227401262497 0.97888074946816 0.50481091882288 0.94999247628311 0.99141098221865 0.96972779648752 0.80253541435671 0.95107902829611 0.43530265869007 0.29069960987846 0.92006291758216 0.34053276619304 0.93786783245504 0.93959260186865 0.98933290895393 0.93496243339 0.99893841299602 0.92114941101275 0.96297050183806 0.86250887155137 0.99774999019671 0.99387726289878 0.091667567702113 0.96459443275181 0.99874405168378 0.98021452450574 0.99141163700751
0.056546627182307 0.93491986399361 0.98189052550808 0.99900920037275 0.1324410185784 0.97835833284193 0.96866860479739 0.0054786694793229 0.99942321421742 0.93668050931908 0.97372427591244 0.98959428329723 0.99788826978944 0.98645326605175 0.99742196932299 0.9993118961008 0.79826773167925 0.75153980135778 0.99188683006189 0.99843589012017 0.99645767783483 0.98485387595401 0.0018264263075516 0.67142593997591 0.98293777090221 0.99948467133667 0.059005632669312 0.89747904025522 0.99059351377566 0.0014068551867063 0.68803401793441 0.70121017986038 0.53317924007517 0.9778031634547 0.23417534232649 0.99897907809835 0.9906087783516 0.9868319511367 0.93430839771793 0.99939263553862 0.99727991208027 0.68037679245932 0.99405519050274 0.0043094614604849 0.98427015055306 0.087127564711819 0.99506796037774 0.99898293684186 0.99236343675819
0.14109050228891 0.99268533303168 0.94122849866637 0.099963996990496 0.98816362422507 0.9731670926864 0.99580602888303 0.99949000309138 0.99932025325954 0.99938275558336 0.085660015060779 0.99725273268002 0.99070927377235 0.99040631338287 0.99261890944506 0.99931745225058 0.93802921095098 0.99832855930972 0.99630375077142 0.022698522572017 0.41983419535372 0.91205471751926 0.84760727425167 0.060960164531328 0.53090943945551 0.84028799638203 0.99943766004621 0.99909090797484 0.98862935144074 0.99365135772859 0.98400201939884 0.58269132145547 0.0032922480318154 0.99776088751058 0.98667672182712 0.037524034426932 0.99737108883959 0.25763452646199 0.99687187866187 0.98365430710477 0.68738142517937 0.88667974634948 0.99859693982559 0.53724097580228 0.98745043999062 0.99802824082715 0.93901661908708 0.98791655574007 0.99940069305544 0.97525041104606
0.99672753357728 0.91905880993696 0.99612289088147 0.73146264934397 0.90092979154767 0.48629412479064 0.95259583121482 0.99695211854526 0.67870725042951 0.96406464517915 0.99547499929495 0.99876339010525 0.99952682914557 0.80701732722538 0.99713547120453 0.26404468165492 0.042662669076035 0.21570474600024 0.99152914665153 0.98524548321378 0.99787681698807 0.98847143166995 0.81845064704133 0.37014009563827 0.9975969951474 0.97446951615822 0.65902655574258 0.092301809240159 0.99835549843753 0.96499039731287 0.95334620796992 0.52525887342137 0.97841898967236 0.86931907957015 0.45726715491137 0.85237746371867 0.99348411909216 0.97946518870239 0.82440804083992 0.94398205343657 0.0038575097024115 0.94762046753104 0.82229394768421 0.99249014052896 0.42355585041071 0.90284930576038 0.99281893102376 0.99599390917821 0.98006837976322 0.79415288604584 0.93623908562985
0.99902403585512 0.035596789073284 0.9728093331294 0.81564971922462 0.99744839093004 0.88751463346771 0.05035549421582 0.013446418460258 0.99759506695615 0.99844586693544 0.84491460737314 0.99922295491911 0.18501055804789 0.96630364797938 0.61054895496814 0.99781837230765 0.99646990159235 0.99792723590076 0.2486812472596 0.99099125707899 0.99902564557103 0.14157402578004 0.99619934668865 0.96942694177125 0.99028129638487 0.041137156554011 0.41776906899377 0.87669196243907 0.99173912767114 0.97143070844068 0.99745363135329 0.98845754690432 0.99953430195803 0.0088559610295212 0.99804225444038 0.012504541089989 0.94384508190328 0.62042440363755 0.99751450459315 0.97801508261218 0.95495267942604 0.99586373751745 0.99537343694372 0.99292638815112 0.055901888155111 0.6131767510377 0.26360047567218 0.99633361903098 0.99108074367167 0.045583539871828 0.98994211668851 0.99718319454829
0.81006818994916 0.99789372641591 0.42618062383287 0.76152670837577 0.96770654100416 0.93924038656629 0.91358574152786 0.66923789126564 0.99831637932482 0.99712238930253 0.99935355646457 0.99863678926778 0.99784373854536 0.10495284692178 0.52038360759302 0.0016321705867854 0.88054938443208 0.99869366286842 0.4020130711086 0.99934708588148 0.99373571765045 0.36276229725461 0.97741458192727 0.38215524376185 0.22328626629371 0.0041491264626334 0.89931790805808 0.96458910051764 0.013981093875286 0.0096155258843515 0.054729165810945 0.37111294493202 0.99909581436671 0.99872956692393 0.99838824037328 0.38834552229862 0.67016998308092 0.99316054304141 0.7812000703365 0.99865342148883 0.80671910001943 0.98792601702507 0.99499190481383 0.88616927851852 0.75626693469589 0.041183732534179 0.20918806939774 0.031293673373695 0.99296577793127 0.99766312484236 0.91523523026532 0.81215144522227 0.99849753980364
0.99796826828059 0.70478501086245 0.10578788754661 0.98463500251167 0.041794128387944 0.99725137016454 0.87898650910297 0.9881676728959 0.99891071835415 0.86469224895921 0.7333412381938 0.45877048066257 0.99916918113314 0.99947208647409 0.08534483193034 0.31555342161874 0.83352524531382 0.99573623653337 0.94310234014727 0.2800022444396 0.75168834153078 0.87419024214763 0.92515183790938 0.9939005249519 0.99902294033696 0.85558624879059 0.022149858253574 0.97321280220412 0.3066073294094 0.99941998844204 0.98162368577399 0.33632117001261 0.99946105006039 0.73533107977308 0.26632288340424 0.08351568931232 0.69667915020608 0.7175309094528 0.99309306152501 0.49421612061698 0.046067278488741 0.98395218781719 0.99486526534201 0.99571143217167 0.48700649055855 0.0064267735303471 0.98136603202286 0.99899604738666 0.82681636233339 0.98482229017949 0.015188003687726 0.0014159398400464 0.66014758288057 0.97226981886266
0.98569834705974 0.99127495865072 0.88974603280452 0.32522564761263 0.99924441541107 0.0089133514253995 0.008163689604625 0.97197733349898 0.73247336102201 0.98686290656568 0.9993520009911 0.77238175114836 0.99752237690613 0.66623135925981 0.85781938182655 0.99790179785642 0.77910621447156 0.97574143069612 0.81128376317048 0.98580950485745 0.47673203466111 0.91655739868579 0.0025204796926191 0.89755538180116 0.99042829193096 0.63128851390098 0.0048966976727426 0.8035072046713 0.95030514133489 0.06761851899276 0.019546305927722 0.99802001187283 0.8821078807297 0.99776782311859 0.99786773116239 0.98791403623168 0.99935236735961 0.19978846292209 0.82126712943417 0.4899051684548 0.095789656230292 0.99821076909344 0.99006356995554 0.022702656980892 0.99890891371373 0.87317382647464 0.99716297414216 0.98987159769321 0.99389605011918 0.35414038821073 0.11136413046893 0.99267484683051 0.87767648367561 0.86570460911279 0.93585914964938
0.93045568676842 0.16332080366135 0.95434461581922 0.27756348565885 0.94221971096609 0.96715837141788 0.99781232312155 0.0018684631607505 0.28667371995865 0.99935852649014 0.99895669385579 0.9994611364136 0.48273990192085 0.98935526762669 0.98090635748193 0.8717607703042 0.79180508009895 0.93374160802314 0.94355225981639 0.97344594040872 0.066356060790454 0.0012462281263929 0.024557106997185 0.0047030214928894 0.13826847069162 0.99540927817639 0.96798296670574 0.067394568660322 0.0043982618662755 0.99782984104264 0.66994121669836 0.7705153722787 0.24321125067227 0.96707244688111 0.0041309961081611 0.67314119338026 0.45484379057423 0.96307883040737 0.99844341123182 0.69821936706779 0.10360370458017 0.79774818035822 0.27519064787192 0.97530164326346 0.95106428146501 0.99884774676391 0.66427469449986 0.99688059346307 0.77676560524067 0.9922931571395 0.42100696722478 0.0035794034177431 0.94188659918946 0.39635832822004 0.93542886785029 0.45948098945571
0.97459164674774 0.98269180690923 0.76949644155006 0.97421427537026 0.96838114063267 0.99232285167821 0.87335917591824 0.0052118374819053 0.9966676250981 0.76025458458739 0.9962808721299 0.90326471249074 0.75332688263753 0.91944541773199 0.64602631863814 0.99328023695875 0.98127874226523 0.99703580186529 0.98658181704259 0.99910746545488 0.092327749229435 0.8066143016695 0.85982344977828 0.47601366790091 0.53218217714877 0.58281650724066 0.85166122935747 0.0862160140215 0.022460059584809 0.9850402580963 0.99109064287536 0.011741389914939 0.1263564571029 0.875973813085 0.94839596140905 0.0055953779048574 0.99896782530244 0.80986459842058 0.99788609693279 0.00204945448991 0.781339281298 0.99641232167596 0.42470975120542 0.99719650992969 0.88131893015086 0.51982372581334 0.3234477654034 0.99832227767416 0.49564162895072 0.97809600763268 0.99933254137527 0.90368035232169 0.080306261699563 0.99948485609177 0.93806462465573 0.99907067274339 0.031231262490809
0.99026609017156 0.96414879687574 0.99937227702802 0.78212471565509 0.99773975170982 0.012937517496926 0.99892661717371 0.99763032357097 0.51648691372953 0.99902426566577 0.012714211336845 0.079761540617845 0.73422493411815 0.80973592021143 0.91397731206544 0.82585096414157 0.98797745963545 0.99548208710979 0.051852507537604 0.92875291339516 0.91560640649601 0.96464407465666 0.99601465565529 0.86867810823178 0.99865701110988 0.99565071735994 0.99935139817204 0.98336762994255 0.95003177998907 0.88324252956887 0.99881087744159 0.99911322470997 0.9262014053154 0.83754896538668 0.22429661148315 0.99915171550056 0.99573991705103 0.98299418069929 0.65323924888748 0.99899356140148 0.0093436188929237 0.98788990785456 0.99946736170311 0.99947776983812 0.94365071019885 0.72844606865223 0.91052693175968 0.98084873950904 0.99489440043447 0.99750693168045 0.99888516895521 0.99496302503052 0.98227980536718 0.083521797621344 0.57161623626567 0.98611757160838 0.68325124533537 0.061840614604159
0.24370743599823 0.99114971768387 0.99925294540998 0.94887936727822 0.0014230778439161 0.99865579092686 0.90515260095178 0.78273799526732 0.89279359457226 0.48415825516994 0.99349933310727 0.99285397686616 0.006721518016962 0.01207410527502 0.98859049150771 0.92534069769946 0.70190092538129 0.023361674927723 0.9903187930315 0.89386249716257 0.96750921629598 0.99869630389924 0.99525700435325 0.99506344208637 0.62830763123579 0.33343097378993 0.99947875995648 0.01826440975317 0.4911390773753 0.78972086957565 0.44067992722063 0.99763056636824 0.97880682658978 0.27979559970193 0.98055897953877 0.90411170803569 0.86959153740854 0.99777563299409 0.8480260188216 0.87608503421549 0.99882889053797 0.99648936467702 0.99940916562415 0.98968510651433 0.19779698088068 0.99764697067538 0.77627553446492 0.65602378322031 0.99944158536574 0.99075212279149 0.93324805512451 0.99716497171732 0.94482131100232 0.69822235671973 0.72363094553669 0.98019808961706 0.92644319576437 0.99913321704597 0.34720925705307
0.98756320286392 0.0077196688155468 0.99900522926917 0.6756750780418 0.86292845731588 0.98742331901015 0.85861729553159 0.016991417016799 0.97430783237587 0.97514952992728 0.88687768609367 0.99728952329675 0.75469737307424 0.84399023114328 0.99922707539896 0.82384002018261 0.98170127125561 0.84297691645299 0.27621386675596 0.98726751971521 0.77083917495002 0.14901296305728 0.95086264378501 0.98616366226855 0.49701393775636 0.87809410463717 0.99271590893593 0.998969202313 0.022382869329261 0.056582656202853 0.99243847646096 0.99940907412526 0.93323842712446 0.99184884651341 0.17085117544014 0.30015483299783 0.99910807832596 0.019119940765706 0.9852065495239 0.99881692286801 0.08569285565886 0.99829012526418 0.7813483608106 0.80171332399669 0.30390165840509 0.99926216374225 0.99025918312584 0.91969142706062 0.99779586553449 0.97894877144977 0.76360855823109 0.99912985976367 0.94614472861581 0.99141138771594 0.99681936651556 0.99953121938946 0.99896521256134 0.93177885433699 0.99373743052036 0.9995202108824
0.022986198383042 0.98709225145905 0.12033317799744 0.44117186155149 0.12048390262025 0.94134463551231 0.99336793498666 0.096816391766726 0.99816712717602 0.86471133094811 0.99295910434082 0.99900992593713 0.0017724881018617 0.99945031406443 0.99906836993296 0.0053441979390769 0.99775111891291 0.36295994113699 0.99458998202806 0.124176168011 0.98388670578468 0.88298923265253 0.99760679876212 0.99934444124945 0.17835280441 0.95170188613774 0.99507767542257 0.021629333219019 0.81859307546427 0.99922772763499 0.98372474909098 0.99852538116896 0.9962139323401 0.95100043928132 0.97967610605692 0.004684980846388 0.96904740614167 0.99568634522545 0.93083479202414 0.99857254373563 0.99936898934923 0.99944121070102 0.9926726558103 0.99906560052777 0.99675132402932 0.99763116038011 0.0041286000977152 0.033712340536998 0.99932767521973 0.98853602924568 0.9791889726484 0.86249681665063 0.99950207880462 0.52653846191431 0.98526020889028 0.029940212532407 0.99574658934171 0.98399273288729 0.0034816759932886 0.99893519538641 0.99951820577269
0.018317753012336 0.040696105991054 0.61615025074966 0.99564498837505 0.012590046611074 0.99672173591217 0.99654987993806 0.98538339694678 0.99640002894609 0.23820929528259 0.97505217162752 0.99392745976046 0.20383206589419 0.92842443098636 0.035112068450406 0.96563124622262 0.98480021463037 0.97634678115739 0.0029589605106939 0.090406951674372 0.0012491454620518 0.0095080147249592 0.91392209119736 0.99926151895006 0.99742567818042 0.9985751708945 0.010067528599472 0.99522329870768 0.99871272922425 0.022482237454777 0.87949620070128 0.0065905702211645 0.99774283346491 0.4819622682394 0.21483706630068 0.86884100733823 0.63421668482795 0.33587130796602 0.83115220091869 0.99460460245363 0.99306941709401 0.92623500196851 0.99545532846849 0.99917147779136 0.95398389493062 0.96932290116052 0.80011497688599 0.49703466835283 0.43581232507719 0.99708897075663 0.9649686207071 0.090664341099967 0.84486623278275 0.99848604659135 0.85855289344782 0.94077463959138 0.92555234032633 0.91977298670028 0.82777371551849 0.54219668151155 0.52123839350177 0.65346278700048
0.24652350137952 0.9666818683719 0.99941137257536 0.85288214282733 0.99953760664776 0.97755427865692 0.99737783940466 0.99811298742241 0.95588340764236 0.001699306838496 0.99887867453091 0.88428165121841 0.89948965834336 0.018754183052276 0.99923689025268 0.87769019198233 0.99616757195518 0.99891190979942 0.38044531500648 0.96543230731771 0.64767747116379 0.89399076068321 0.99855525351789 0.9980096415303 0.0022638572446609 0.65689713364362 0.9994135765133 0.45933224616111 0.63863174963656 0.43429702337789 0.99871811483154 0.99903782379398 0.67541468323893 0.99251069618099 0.99694436539245 0.98236541765152 0.99901944049988 0.99901831533747 0.37987611769126 0.95643588248812 0.95399153731203 0.9288044408564 0.99201687690494 0.99818273492323 0.93542222464645 0.040369289541879 0.99863015878932 0.99840562916542 0.99502706044158 0.96093442173839 0.99830455231498 0.99869348017146 0.31824913865467 0.99886205772676 0.99825928358411 0.35991087378378 0.96336173857064 0.98835540760829 0.88774678718727 0.53528089801937 0.8864711404081 0.96552384558512 0.99063733419451
0.85130953927434 0.88978867921759 0.99209191647865 0.0017161590253184 0.11940016829014 0.99799639671063 0.83494923471002 0.01726116353865 0.020017244305677 0.9569859532482 0.86391626481687 0.98452278214113 0.039427354269137 0.99928663360949 0.98244883899977 0.96274626259555 0.29351399837232 0.99894326420317 0.6251829106764 0.73484591776176 0.99725422871484 0.50766038703964 0.90385141985247 0.043073214779561 0.99355359956256 0.9721222390814 0.66458566641687 0.93910084556698 0.97991275420366 0.88826658053984 0.89941825901077 0.99432769060131 0.99627735474822 0.9685164666401 0.96802577782434 0.77587880497517 0.87270559450942 0.0029094796331814 0.084939641805925 0.03092564722607 0.67500361812073 0.22183444595335 0.087138906435943 0.0017205093256579 0.98061634443015 0.99683078945205 0.78013180972564 0.97690150181754 0.94123496763315 0.99376608645715 0.9958668366534 0.47385957476764 0.99912369911202 0.96997632182605 0.97423011715607 0.83255219201644 0.99298405636497 0.83720904441284 0.98452583054407 0.96689600124049 0.99273120455949 0.84250694860451 0.41701663550823 0.90707675529879
0.18588806082132 0.55924985588252 0.99731020045353 0.83252296166799 0.01214120965615 0.98903246086111 0.0035418992935823 0.76688850340981 0.65415483085898 0.98485052877679 0.98034367334182 0.92819338407937 0.37327638317332 0.73192751022844 0.92634256587475 0.99775248823412 0.16931667523824 0.98614509015035 0.98574474391242 0.27117720471819 0.14099803436519 0.99620488595652 0.9984228574553 0.96222462614408 0.029323554682811 0.87607979813847 0.72257523784879 0.98348058355885 0.64317121245454 0.96567823956289 0.34925900384874 0.99826947423438 0.99200491234748 0.97305456160646 0.91601992151907 0.96137300571873 0.49187068446184 0.99921482385836 0.99652064602816 0.99569008762791 0.75891301701831 0.98380568461523 0.98323982275244 0.99273247382028 0.53786566939284 0.92430592772032 0.97541157846554 0.85431450578401 0.99671656617736 0.72129800795125 0.97838716211656 0.30267823669206 0.96972908998862 0.10750581673127 0.97525841045365 0.92375689021237 0.76148993612936 0.99842150991559 0.99562826858345 0.99894464796993 0.46741157049714 0.72243786610226 0.1674602144914 0.96191003050525 0.55652624311759
0.99758062306808 0.99829018548841 0.99000712342946 0.31972270691603 0.86150859772296 0.89418282882455 0.99711466107296 0.99883343524873 0.55971092248813 0.99713171727898 0.48548913590829 0.93016074260343 0.087495482714353 0.8724461425635 0.98709875843381 0.95768803536357 0.33275541973095 0.79440711257088 0.97839518045628 0.92669088799406 0.0018981343179635 0.93710404191872 0.99344651067271 0.58383720852143 0.032268379109905 0.5298019531287 0.99926409288421 0.96396240972425 0.86442499870262 0.71426760616252 0.73193094717612 0.19980924093768 0.033212058060477 0.92020016845623 0.34495203828147 0.99421212388772 0.0031758786159598 0.98351335662426 0.4480114656537 0.9465011624693 0.97093622408812 0.99228288826001 0.98829018686079 0.9687218252006 0.99914806768463 0.98726250089166 0.99242182972451 0.28589905554418 0.0063554655900406 0.97445357289826 0.004061982285095 0.98906209244426 0.9902798524662 0.13637947330434 0.99898746993637 0.13126424239465 0.99866869875603 0.058178343788998 0.0021102743822294 0.265339222981 0.49386265168609 0.043713908378689 0.98478493130252 0.13647349915147 0.99806628869448 0.99247761153341
0.79552636361042 0.99616984191791 0.99953737008112 0.99514807744863 0.98427032961105 0.032957042820935 0.98644379689291 0.99870267961156 0.22438328111466 0.79947664419299 0.85189494632454 0.99939957771753 0.0018651835386413 0.99953277281855 0.5262019217642 0.99853460081582 0.99944913869682 0.97718573778842 0.92917355625421 0.01269490893024 0.06189437633281 0.30930010518106 0.10617996080217 0.99440895857383 0.86266565383264 0.87283043731162 0.90133527020134 0.9790601315236 0.30615039537515 0.80824816662947 0.69430918180366 0.72288090035003 0.24170618014067 0.71256587452535 0.66734038622725 0.99870925608091 0.0055447374690119 0.70292500974766 0.52325269219393 0.96335040451691 0.10266114288879 0.95523557567304 0.9994130521912 0.99051318749333 0.67259725909945 0.98882919023272 0.93554841708682 0.99662679993566 0.98474129064595 0.96434858101691 0.94229509185775 0.31762734429075 0.87692641154028 0.99614374626886 0.86112086005526 0.025830350251638 0.77900217447595 0.99896015711828 0.11574527837896 0.54394198753248 0.91464272763291 0.040036921237798 0.99923498646086 0.041306702360949 0.98433843338677 0.99889248523688 0.56777180975841
0.8464915832577 0.96855992695865 0.99794038309954 0.99887427425996 0.97355089565322 0.84624099915472 0.9994607060607 0.98694853908736 0.99948271852673 0.9070939219986 0.99474581938846 0.98212548310923 0.16972283230028 0.99855069378881 0.99920709945307 0.78734076003273 0.99858007593688 0.99752378360539 0.82572330182945 0.61861312672889 0.37458756499462 0.64307161641785 0.99940433822795 0.9057340299351 0.010666341456171 0.99266950374081 0.0021401189403251 0.32739682817522 0.99711678519944 0.91191183669259 0.99921487402092 0.83633185307071 0.99891901179181 0.99927908001762 0.99887179731821 0.98942301898099 0.99549923273039 0.010269695321795 0.9876537321117 0.015827595137436 0.94618713909208 0.0044630546403825 0.0089736641352257 0.99103724301614 0.99786439498944 0.85266336012404 0.54279108498395 0.9393919543718 0.030740648053728 0.99659044407903 0.9562133937102 0.97337680159173 0.99920645488283 0.99804158377634 0.9961469822405 0.0021120532255783 0.98871164783809 0.52658290127655 0.76540180672055 0.1814839068831 0.11023146755951 0.99065228622162 0.9977599367658 0.99766494327419 0.98558194083399 0.90085470019088 0.99938877068096 0.87800357617551
0.43197963533784 0.99181083824855 0.24004378854392 0.96956392452777 0.6093648583877 0.8148801969395 0.99675944008505 0.32694954677708 0.014458055280454 0.31274695350191 0.99868922539767 0.034196246578906 0.99952268157928 0.99936575839238 0.0105172784942 0.9992187985813 0.99585269774386 0.9437108103562 0.83669873552044 0.98859115644294 0.54338352548725 0.99712923606495 0.95419646128438 0.041888901113891 0.15716310061325 0.091987874062796 0.99946747440223 0.97185577069549 0.99739498499184 0.19810989670139 0.92182958247096 0.99806222010488 0.23180577464864 0.99402659610486 0.90980765491073 0.98510194154759 0.34355008491903 0.90108186677536 0.99852424670048 0.99420192444279 0.90362375966261 0.95872821932237 0.99678163484271 0.99653237183488 0.88163361501535 0.99409170357274 0.98815093924059 0.99546211814422 0.99863324569111 0.16029010326155 0.57327119257019 0.71008989240821 0.9947764750325 0.11613546651287 0.45730832158192 0.99389942910128 0.013185892907096 0.99884544730937 0.94266519136883 0.99917384251071 0.018704659560035 0.018852784076261 0.79816298331012 0.81621701767025 0.86271768565188 0.34411881092753 0.78745078112206 0.0958089290575 0.94880207476054
0.49666179397893 0.65579184703875 0.99459207650512 0.36986529238671 0.99884723772558 0.99076331802977 0.82575035078997 0.88283105422813 0.021518455578138 0.99901913879348 0.0058609634011237 0.99794504792448 0.92931438847529 0.98123680325341 0.95959565750988 0.022839778222343 0.0528254877518 0.99593719476609 0.99307165635057 0.99062697184896 0.99848574308336 0.85397533264711 0.99287111417532 0.99736216527366 0.010328914531256 0.87502319086684 0.15624130624379 0.99742904131308 0.29511840737536 0.76903911763005 0.99791355562008 0.99767603679638 0.95035320750172 0.993903451439 0.96301392496389 0.91459053004777 0.83998325210112 0.99806581285645 0.99865691766921 0.99459263820797 0.99059606083337 0.042869454735794 0.10083934968254 0.99884047082513 0.95763821751592 0.0024154796011118 0.99889330400204 0.080923719878047 0.9991770267764 0.45052969165765 0.0025896714700516 0.15854933004191 0.0080376128677093 0.17799181674851 0.99760240122676 0.98597357361142 0.99883976349715 0.026603288126229 0.93944450308981 0.76556826917603 0.99953746121197 0.41151105606007 0.99315014674151 0.49669565326971 0.99306940558439 0.01040508708587 0.9995070055576 0.097866191362318 0.0040849185396157 0.0090874705938251
0.75498079072697 0.5024126545368 0.0019965530150838 0.9992706666415 0.99801446216224 0.89431638585003 0.99749226427096 0.99717259868762 0.77838323392857 0.98676997096257 0.99922588826869 0.38419593907769 0.98521933791421 0.72911206163887 0.35073780871677 0.21115238292266 0.053380731404967 0.99807247653756 0.44003661517652 0.0012796067474138 0.99845447212324 0.97576957938674 0.99882673098834 0.021442661174209 0.99293822325089 0.99737230111848 0.96058410653859 0.95449686796823 0.71211494854592 0.66767528857156 0.0029930048703254 0.94537362128945 0.96987428239915 0.91138885116687 0.98082729999066 0.99912932204966 0.65140972312003 0.031196159633976 0.92994519316393 0.99877861184056 0.99857019047071 0.83591987598836 0.97397251123209 0.99914407038766 0.86547684010888 0.86302793131727 0.90180839534299 0.16093030394399 0.99877511404051 0.24156926130402 0.72208955587275 0.96737023806959 0.99814661315572 0.9987269891191 0.92144432707637 0.99843379768194 0.95988302193544 0.50120360550192 0.0033074107733052 0.0082952028539173 0.87852322767185 0.86039658388361 0.91709907272246 0.64644911466843 0.0031465038103648 0.99019814060496 0.96205212865295 0.01326739123677 0.9886396990964 0.6798811719519 0.19052909618494
0.41150921465389 0.99742440319622 0.018248793301289 0.94731577067329 0.0044571481021435 0.13227724171787 0.78948114301859 0.85858426901283 0.91431474382442 0.94663817463774 0.0023714630019181 0.048206417969447 0.99862316023732 0.11075348551606 0.9977105527093 0.0014659406006234 0.003607259551185 0.99571836067512 0.9919329220426 0.99931241031055 0.8812042661992 0.97443529565335 0.013799026786589 0.86895561256498 0.99244146296763 0.97663130352786 0.9021566121981 0.036610793473618 0.053445235868001 0.97090742195245 0.99886776662394 0.0021831398212363 0.99924577849968 0.992637507107 0.25021544934615 0.99936176511842 0.93255707919188 0.99670751844522 0.028391514901879 0.99519807251769 0.76619288098803 0.91575970716085 0.99022661327372 0.85731235500966 0.77506711163722 0.04992842900788 0.99926021712468 0.21873987580183 0.85156327430447 0.0025010611952941 0.20151986018895 0.92765105435182 0.99791614854595 0.99098189134548 0.83832503237091 0.91103632914854 0.98194648050597 0.99937996731897 0.095966407501364 0.034375152864943 0.43904005358019 0.54646020892272 0.83766850342446 0.20360868546866 0.99372733055454 0.9812848159074 0.6189185951109 0.99899060788706 0.93048362877173 0.9791781443348 0.97313837794672 0.99946340902316
0.99882460956083 0.97000792203871 0.94094735564805 0.98645448657852 0.98140553399709 0.032176499796873 0.14081732148367 0.27685158793994 0.079484248024533 0.99940251148674 0.97799282258094 0.90604045351732 0.99824309431738 0.99083079254383 0.09875474287614 0.03440067190847 0.9925809539142 0.99692672109151 0.96959896571423 0.99371252877319 0.99683837202286 0.99564514253228 0.99718783647574 0.0024359461461178 0.08666938306307 0.95811945135284 0.99754762669434 0.74699686095515 0.99639066850251 0.004281042643917 0.0017558676067067 0.99898426678709 0.99480004917229 0.99880496269001 0.96719956943066 0.99625782137185 0.85582639706291 0.97958506403083 0.99866073493287 0.99568157105362 0.96836036383962 0.99258028258186 0.96297122480873 0.0028874770612528 0.038713666517409 0.96465635257596 0.26400437118028 0.97753382677365 0.92560674977984 0.99388530612884 0.56316319495419 0.99946580733001 0.0058777237112905 0.4659982625015 0.028834628134299 0.99685104859032 0.81878978886232 0.99156518345454 0.99931019047753 0.32131094093679 0.89928218081465 0.0010495852392793 0.091023940611661 0.99343948671316 0.99861157412771 0.98426468707908 0.85759889925663 0.14292946251583 0.99928345406734 0.99155002607746 0.93726847511254 0.99054545819704 0.86645338909114
0.97977153707313 0.6863550665401 0.99290685205044 0.9084460961017 0.9993483736828 0.41894721608702 0.99778752909439 0.15048183785252 0.9931253206244 0.00098590733040917 0.88224084322103 0.88856521694275 0.52724479870742 0.97513473344178 0.91577302948126 0.83603679386159 0.99853806589144 0.41655535983301 0.033585520480797 0.0074636245882995 0.54380901402932 0.99927829658355 0.57588511283356 0.99379270107496 0.26673045444017 0.9992237389751 0.85108047876264 0.99667522321837 0.30167281167071 0.75951146044121 0.99519075809413 0.8357194485936 0.98629384742383 0.95712966626706 0.9969882775809 0.94289517369226 0.030469751649328 0.31066891275995 0.9862249291468 0.0062683455887686 0.66990818162587 0.24901895033509 0.933834187348 0.046416393956795 0.9007039339505 0.16241702918228 0.99815092197018 0.87108772767267 0.82452806409564 0.12798604611681 0.15004293924848 0.98405406903506 0.99139646707677 0.99865303076905 0.9987350410647 0.87314028414351 0.072350893392229 0.99944998915698 0.13333105003585 0.87050127908417 0.096826159460573 0.83225840451303 0.8553464931586 0.98901678544775 0.87111516360006 0.99906810822627 0.97045348576696 0.013837918421983 0.99433786248487 0.99930774137051 0.16354762269368 0.99672806403861 0.77142906767103 0.87572348925224
0.99103064093197 0.9286589507562 0.92569708367583 0.99936027105512 0.99709035361145 0.052580619634721 0.13026180521272 0.29898787894177 0.99812403941493 0.96646029983463 0.56756903645745 0.98038094914505 0.0023167856169304 0.0057896074667063 0.010564835285112 0.0028323171632111 0.46549529127693 0.053718740541857 0.9952205141367 0.99941207543264 0.55824883744968 0.99750441390689 0.27982245494797 0.98686413854994 0.84163675767828 0.99577503586928 0.12629992407086 0.021359049664273 0.9964132493158 0.52166046681678 0.99818288908933 0.84803056005957 0.97895353379397 0.99790006332517 0.84932141290039 0.64768873328771 0.99444138563402 0.89170276529027 0.19754232527609 0.99826823648608 0.67612605877528 0.9597135612465 0.93836155400089 0.88255798538194 0.99889736060179 0.162568440475 0.98812907926613 0.074249642050733 0.9950501698619 0.99049972908901 0.9543393755795 0.72145215357975 0.38918754171549 0.50736142483804 0.44765907003021 0.8941223542578 0.26809298113514 0.99945308172217 0.037208383136647 0.99646072551566 0.99914464417737 0.99930633485973 0.010409377241696 0.99830347738903 0.9995021412891 0.50791707049993 0.0020438986827018 0.019256290325455 0.94073738083269 0.99430939402861 0.98449883392986 0.96457173253246 0.60903328007168 0.992019065456 0.93093039462212
0.074386132294904 0.96490979822748 0.30871920910542 0.58419810278402 0.96350048888082 0.99687661429986 0.99879671014001 0.060636429896763 0.48549801493983 0.99667738761594 0.98119628695488 0.79699060732488 0.69989425616005 0.99194284226543 0.99757728736545 0.91515715946978 0.99626895411525 0.0096900995531861 0.34475038277034 0.99902841823105 0.90120504208448 0.0018547046123996 0.022108257081772 0.34525244040811 0.93657770563792 0.98521183129238 0.99869708752844 0.99918755008313 0.97044733056652 0.99754431013924 0.24392136581863 0.91897370495056 0.0019306463098977 0.99924574597973 0.99943510732203 0.99722611489617 0.99922144792784 0.87080654647157 0.18927345595259 0.99918638606103 0.012412968338102 0.99919527589717 0.97199153776696 0.016708486292644 0.0022835449340635 0.9661258157669 0.99777931476974 0.62059437541083 0.41874758800284 0.97459006199958 0.007447293634207 0.74981223908593 0.12725801754148 0.92556886769574 0.99868844779065 0.99918283920981 0.98950345645294 0.65807791932785 0.998881926825 0.79704713016998 0.99936579490055 0.38822894687225 0.0045323648660417 0.90442300729598 0.96354217267603 0.93536193369025 0.99804642772618 0.45657560580642 0.0015691145517692 0.99769223898687 0.0018764341836819 0.97235963165506 0.0071952153830889 0.019853072891315 0.99595813908517 0.9814748264336
0.94747016846924 0.002574912982778 0.38284447168767 0.78521319341152 0.76769929829942 0.99934942805399 0.95193808792865 0.99625812766629 0.09277885663946 0.058676754948205 0.97164745947427 0.9994462938562 0.16648226698797 0.99784533087748 0.90870279119578 0.96643693889332 0.99364480950044 0.99670475192567 0.015042094997299 0.025014528472939 0.67673899089927 0.79833358166432 0.52428466976624 0.76219870529061 0.9593719141872 0.98800608028514 0.9900784245272 0.22637130523144 0.9806774697519 0.99912266059295 0.19789475578585 0.99588052765138 0.71278081883992 0.99162748835429 0.9776612786856 0.99936786637398 0.99272698116932 0.98402916588471 0.99868057670065 0.89332702692809 0.99871572717173 0.18801294924372 0.93550879642245 0.97416269548364 0.99071704505985 0.90600113172019 0.44189983997748 0.78486179595453 0.99799645102521 0.99952781463113 0.9964515662686 0.98727907124671 0.99901066202584 0.011645961641209 0.98753977541631 0.95641475379213 0.9893068980887 0.99948177989229 0.0025219266097443 0.99849479207 0.99825532843026 0.99741196707436 0.18003739457347 0.0016575325928334 0.99541877670149 0.76195925740825 0.015738496432689 0.8999612962953 0.0013492135966663 0.43776780903803 0.99691388206754 0.99917554705807 0.021402937067549 0.017040493837737 0.55952212522656 0.99919497152597 0.7609860499249
0.54454705533351 0.86165976203734 0.67285001804667 0.9974956974976 0.91703235084927 0.85293485349692 0.99923529349248 0.64749183705776 0.94724686200732 0.95631288015501 0.81995110602916 0.99941064706769 0.21124335517808 0.99905774931326 0.99895591221393 0.013931787714653 0.85291142947401 0.88695000713572 0.46246562070532 0.99953433991635 0.9642820900027 0.83486196490636 0.77417858587255 0.88228696565169 0.067600105890292 0.12367955936428 0.99947125438225 0.99881823177018 0.0076762000244245 0.33318027383126 0.98451143202948 0.18817886267362 0.60845237533876 0.42161402785163 0.99757105635424 0.86209348602292 0.94950331783891 0.96984954287665 0.97158240518818 0.86999197735627 0.97649863448356 0.99929263154574 0.81236659408308 0.99782406057992 0.62035692441517 0.20084187250921 0.96826439498112 0.21300505078295 0.99920463061689 0.8063743384042 0.92805149991872 0.011210301627049 0.99871152444028 0.92189115110811 0.94541659296012 0.91987610875206 0.9853128014972 0.0086325769042125 0.9985799980067 0.84616266890417 0.91161483606451 0.88628931777232 0.63182496085283 0.025537385305729 0.023481415804808 0.0010695960965805 0.97162583362135 0.73382406926895 0.05548047415012 0.99886523565042 0.98938038327893 0.97581813921383 0.44812381872684 0.93413883987056 0.99770697957273 0.0047111742875528 0.61143394299039 0.99945436730922
0.68450207983283 0.99950492632212 0.99799048485077 0.93506724897034 0.47999444835737 0.70846795859772 0.0031699802708661 0.96747597121627 0.60077048051529 0.15728766404889 0.021481762156399 0.99897240580267 0.88715955412243 0.9986659069051 0.034666325566973 0.8313707163831 0.66223138199138 0.79864310225881 0.93916297151374 0.99856628210637 0.99803260604149 0.10522618895035 0.99812872900358 0.23105617658638 0.99931254086137 0.0036735198165026 0.76870333960398 0.99889929294599 0.98695576735617 0.66106445203122 0.99409133430938 0.0051795572848508 0.98894467856771 0.11889654927214 0.79702999598908 0.99575021893025 0.78006672792477 0.029995298247493 0.76892350668304 0.99934265993595 0.99886370171383 0.99858582622864 0.99426275061598 0.86200069760629 0.76767238969473 0.99498269404158 0.99943489774851 0.8262932105867 0.98274224495258 0.99785754958627 0.41652137521125 0.060828443329208 0.0012327332769106 0.92751476730276 0.98029771958221 0.99412081105049 0.77239473710888 0.96728926167574 0.29910669667811 0.99567887484112 0.99801128930401 0.99882413703942 0.28294336525224 0.018315576580412 0.9701972739951 0.56258371885542 0.94949320728206 0.92208987859354 0.99019223091087 0.11774682499939 0.79530294059165 0.74774649128409 0.91982376393283 0.99939941119566 0.81913416007442 0.9650463064084 0.99908542742697 0.99928314962093 0.9987775941069
0.32739216037182 0.99947341273438 0.91350507654417 0.95675288652562 0.99845534371949 0.93626221944646 0.29432739231547 0.99506326693525 0.95920910380326 0.90421255027903 0.99945471953937 0.9978350223793 0.99887731324352 0.98281953015899 0.0037819991486328 0.27263819870184 0.94360581855228 0.62191101538094 0.089428527846832 0.99942975428198 0.99828061110044 0.012795764748084 0.99773220178175 0.0093302473009685 0.99458961555461 0.12828518620863 0.057098546074074 0.010570482413897 0.76281779616377 0.98215498028561 0.99763380802298 0.60584977178468 0.456750093188 0.9946358148259 0.97838402421113 0.11648849936268 0.92208360236572 0.99952821804193 0.99895317662269 0.015570976864668 0.0010380299549368 0.99526525590531 0.99875776483741 0.52729135548418 0.97718073942487 0.9101183390824 0.84064706720952 0.47699076341768 0.57420499570474 0.95839619513967 0.36344949089503 0.95798055243467 0.80501177100804 0.90552596500047 0.958086581638 0.068947877811701 0.99874126595409 0.80256625752783 0.15950720657246 0.99741096246094 0.76766227288505 0.99899042902834 0.98210014087525 0.93955847518833 0.99719352461465 0.69171255065308 0.41722204207905 0.98812166302077 0.99952602922182 0.001131166974435 0.97302653647926 0.99205609806092 0.98277844922407 0.99725679608005 0.1646010051512 0.95503395781252 0.75134010930571 0.56420859024514 0.18771834448056 0.18110710722064
0.99871821122285 0.89736258722623 0.82136797423784 0.99915666188127 0.99948125253735 0.90215884179169 0.99569689575013 0.7915011167673 0.29018256991296 0.15221704529807 0.97757526048876 0.33930431352241 0.99946891577495 0.98005763487283 0.12176994361535 0.99503043858659 0.66189689892624 0.99831962289518 0.85990878055398 0.47544111827201 0.98541882810687 0.99496203548284 0.93305102706503 0.99800397790762 0.13637687150853 0.037476642964142 0.9988717769257 0.02149288411482 0.95535935987436 0.0059303018511356 0.49291205719745 0.96193816600769 0.99557043841606 0.9889948908777 0.0013565089362067 0.52244329716635 0.9985271804184 0.97852126399602 0.8972852959684 0.48124679563022 0.95445251756668 0.44691122311541 0.65356837011962 0.13787260546969 0.78500764139786 0.60458945189365 0.7367327311202 0.23019211450095 0.99365022714004 0.0010732684258753 0.45069124607671 0.16830673147749 0.48911616058961 0.75806874714371 0.010185972850248 0.91171590385325 0.99709205221119 0.085888062080977 0.99550297448625 0.933147359909 0.47912985066834 0.81612811147702 0.98187558883576 0.99938992355587 0.99648550465813 0.99836280511741 0.99950374416809 0.67906831231635 0.74015636930796 0.66259703000313 0.98713482179192 0.99472554249216 0.72073367546033 0.94416388929319 0.91299775020801 0.65318149088106 0.64518318689748 0.27946581951188 0.41167361341381 0.12262095397143 0.9988510536403
0.1377450166767 0.70956183050633 0.99145792768852 0.74663605341953 0.99258528802382 0.019711492380295 0.99300207396156 0.98689255108084 0.88160833635102 0.81858785235965 0.99143169318719 0.97600782380394 0.99576870654998 0.9991890500012 0.15554816574225 0.075390854425519 0.9984727914104 0.9957867510262 0.39139519280423 0.99234958046753 0.87363236589966 0.67372050313093 0.99688565534341 0.9940855761747 0.79042248109983 0.99650923230175 0.99259300718762 0.99550076781283 0.96644377278066 0.90512737925315 0.84637716889916 0.93981617337552 0.12046841256538 0.77192535973135 0.34023575492385 0.0097958542659631 0.20070761319769 0.98602720037378 0.91259898956782 0.53452010280001 0.76580884547395 0.99765788680962 0.99516167709948 0.10443045380782 0.99427964428138 0.030212709914984 0.99440655043406 0.99422221249326 0.0042235131985045 0.96217582435551 0.97926954012331 0.99837037945858 0.99642465516309 0.9964290690668 0.44865413378776 0.97146228918215 0.9987025664165 0.8749181147959 0.99124525395532 0.99916443728695 0.0094206698497721 0.98216155296616 0.98672420525975 0.02954117469103 0.99070054576153 0.94817712944427 0.7349609990908 0.0030445932170685 0.99838681349288 0.60162201843658 0.30448936317732 0.99482342600708 0.98684644332248 0.013866834732449 0.99436433095712 0.33467465245237 0.99640765504172 0.99864251362496 0.97669851178115 0.8290063008279 0.96751124476174 0.40052407694497
0.87987233922939 0.99754235503364 0.62112835884971 0.10273023039162 0.79300438486597 0.67388548052519 0.93512220689279 0.16663190027361 0.99791245880862 0.067557012498284 0.0013266220334974 0.99954597671891 0.99689482300066 0.99951181195884 0.99947745848356 0.1015329979746 0.91539731860077 0.36102071759671 0.85930013687286 0.99858740300296 0.99884274212084 0.97834406019037 0.36536438234575 0.95944811621529 0.90245956304429 0.0050644753789849 0.0026975839333367 0.99917636061108 0.76209218827871 0.0021262982347985 0.89082991782457 0.54344336901532 0.99927998414083 0.0044280075728789 0.99656760069971 0.93759653498225 0.96522295110776 0.91369761199152 0.080502127588482 0.90398946641439 0.99538527003214 0.99200799115692 0.4706490251368 0.97267574595601 0.99940366798994 0.34401205336419 0.97439573696807 0.31183184648487 0.99601056816501 0.95042265321526 0.99932704736729 0.99939775948014 0.47772895772152 0.96669525535462 0.013618094581659 0.56779884702914 0.7732931226482 0.98007791341202 0.97398421796374 0.44336636505384 0.99904898335442 0.99676211635903 0.41741415038527 0.97160688542271 0.99941080789982 0.98952144948936 0.33499171905252 0.99896279777862 0.99182198183141 0.98816899197121 0.47185125513209 0.0020560188466252 0.65338351917496 0.99539674048768 0.014077358302648 0.83648697020722 0.96394624103276 0.66985649038619 0.033525069782102 0.99879052346708 0.6825908447381 0.9524791459978 0.0083076791846358
0.033888153989024 0.94856031541067 0.96735530749203 0.99720811627733 0.10469630280669 0.24555538160051 0.37319823444484 0.84261826970357 0.94211632593171 0.99934803730193 0.87851661364356 0.92817706034024 0.99460434934654 0.043823899322752 0.67670663964423 0.84941259047188 0.5600532573493 0.99931440854701 0.54849557698525 0.59937843335403 0.98825018051119 0.96989264349468 0.0029113970875362 0.052620869337348 0.94949604746803 0.00097779654419685 0.14930242867384 0.99861336900368 0.3225567277491 0.91870474317968 0.99429596176226 0.99906743047367 0.7879051311489 0.94530884944518 0.41392627028376 0.0034556434482918 0.70268991579272 0.99823775564831 0.64691630065635 0.96882759010033 0.9958330033774 0.79736363339632 0.66750450265399 0.30843579201336 0.93567759480207 0.27949300285987 0.97420628155952 0.98858729722296 0.9259444069029 0.99936603797202 0.99907695080908 0.9865634010448 0.030002969802454 0.13375026596827 0.99200105760455 0.41979221959676 0.0054971569476699 0.17041812377722 0.99942274455133 0.066198324827943 0.99802271979438 0.99932537976328 0.99931010657975 0.014805908778208 0.99927046418807 0.0028211921897206 0.89406088774899 0.9990916526904 0.99877030522389 0.99924002633935 0.98443434581489 0.99953541310027 0.99778820621161 0.99937188621914 0.96046021827007 0.012290695006371 0.99925158527762 0.81231858402752 0.74433280631413 0.89332186099199 0.11134579779271 0.99571103755792 0.81686804584096 0.98796322518838
0.99910967592354 0.017597397923823 0.99048754830214 0.99852953696917 0.94652337179955 0.086877420473919 0.97257660579996 0.2228893622009 0.92715587705735 0.9952486317418 0.99741648004654 0.99781143651515 0.63205508549028 0.99814907822882 0.99501202511853 0.99849897388931 0.99868830278186 0.51026874497858 0.90334496815305 0.98448453035114 0.59468085453128 0.99860149118146 0.99950694838889 0.98715247145587 0.95014470623155 0.31076771957631 0.99571728607265 0.2167951340975 0.021698693132644 0.99928231508463 0.0031442992510384 0.98422139237982 0.017390199920894 0.98056051705903 0.99831079780497 0.64822833004563 0.86007807108723 0.00098144689475905 0.054827283765069 0.99371550536723 0.99934105460396 0.35529920604515 0.10360973223279 0.99544168279278 0.99725478545121 0.66417147483494 0.0027514563546599 0.79577112096003 0.91104834661121 0.05785453390548 0.8552882129822 0.95086436040233 0.83855834699286 0.99520694361843 0.99923858507025 0.88891485088262 0.92950222495799 0.99887335553568 0.01796371887878 0.0037625357098331 0.98387886007797 0.042868191582328 0.83843257929347 0.99497298875672 0.53599161205435 0.12503654947001 0.0093321048613375 0.99928221912106 0.97362544085167 0.83088642597473 0.28071182958521 0.07457583659458 0.9993147422151 0.99852852405627 0.99654729221048 0.97292855118699 0.99555753092271 0.53011641579231 0.99716926228419 0.0021541770269845 0.30119569689351 0.93119441002723 0.95501937484018 0.99104207429314 0.98988353428449
0.9706179362352 0.99546844672766 0.99177014299183 0.65530691022098 0.99943850890916 0.99748514576238 0.73140737791155 0.9914710015047 0.17362752012663 0.22058301088416 0.011642802391271 0.0066760538157649 0.8830561883975 0.97865050795443 0.91223853556697 0.97306915175205 0.66028067483326 0.8939081782405 0.9329602428844 0.99954098636129 0.99540938602769 0.99684655193838 0.99328809049871 0.99932789844822 0.99798322558488 0.95065783613439 0.90003567872546 0.69686571995153 0.8900124791889 0.13851230713694 0.27771030887588 0.99443541329137 0.99694215903416 0.33912366663245 0.97908316912175 0.015102725047309 0.60146337719224 0.16169931652306 0.60939389396094 0.99907182189764 0.017925716196486 0.98896262584506 0.99546000368446 0.53383244429925 0.99914130022423 0.91418811762545 0.99423914612592 0.9381670605055 0.089842459637069 0.86060210081061 0.020479582035666 0.87557190310578 0.06187429283806 0.41573949435039 0.9986967570028 0.43669815072673 0.99680422870735 0.5130202546204 0.97238663564806 0.35188177529548 0.75890855523704 0.037369202467186 0.017314710345766 0.94787093084201 0.99848984302814 0.48213013058602 0.2503661438443 0.99909527633781 0.9971216436383 0.030798536257521 0.50496290888368 0.63162653148251 0.96718552910948 0.99914683785322 0.99930302295731 0.99953590572619 0.99323119038477 0.99913985455417 0.03333475244571 0.97143660704444 0.92554150516613 0.90933047280978 0.99726607544878 0.12674343528553 0.66973290247929 0.82942699376725
0.04512969619066 0.016574492360003 0.96682379118571 0.96787078810223 0.98194080382511 0.93018171883461 0.99941393349844 0.96567628405877 0.012713609494821 0.23999030999293 0.6863347102366 0.55614826888686 0.98937346807325 0.0092347982212123 0.34967153322895 0.90722817597855 0.99941254562728 0.54660323335413 0.6825683888851 0.81730866566323 0.99698727845974 0.99803182178718 0.0014826315194396 0.41574004255929 0.97711370836065 0.25441148910409 0.94825339546648 0.60643862108253 0.98508679260784 0.98117738662862 0.090771424201454 0.99079911566047 0.99663582184797 0.99881615624787 0.98244603248951 0.90476088302602 0.18287176655662 0.83603365885401 0.98732964570107 0.9982946159264 0.12566817320323 0.42548744427963 0.57023134535285 0.19638333255139 0.7104198475746 0.0046001999292356 0.99382686778397 0.98421628143965 0.8818782913807 0.97926828341857 0.99925972108699 0.94334286322121 0.63066240480436 0.5481497906632 0.0031357304704272 0.38113289635989 0.34121995235965 0.8349626675149 0.10225851114212 0.021391035550982 0.8532950368824 0.8977179352807 0.86044639836492 0.85977709719496 0.99382527875618 0.99565927241471 0.94832930822935 0.98670103499023 0.96039863107241 0.99778233252998 0.98888743754028 0.99860763984324 0.43918554374643 0.94399884248268 0.75919670135659 0.99668421113491 0.99721932487167 0.98085898531644 0.9987752935253 0.99906126575443 0.97154094627891 0.0024247121246394 0.98214400451839 0.99440329383904 0.94556521291789 0.08229715664889 0.93471005239288
0.99385565574043 0.89813427023755 0.26207097344865 0.7864065672632 0.012374705050353 0.99883355776927 0.90499265987411 0.87082001067613 0.64793913644939 0.99191311558495 0.15805729184387 0.0060919815496267 0.037802467933604 0.98670354962873 0.62508002061665 0.77953582494135 0.68019204295226 0.8445029656521 0.19535590161256 0.31614862871699 0.99825878672859 0.0027573401828838 0.98224500312797 0.48672474319426 0.21060838875111 0.9981612774173 0.99901723291849 0.99789437799379 0.99902695697042 0.9369631311093 0.99909216023294 0.99938993624173 0.036813545601748 0.96852381404089 0.99649174761488 0.073300127054107 0.9926789749822 0.99860712091818 0.98972134706738 0.080645816621593 0.77886437650089 0.71934650030546 0.90656938981232 0.99273631763926 0.98662644280021 0.64231444953162 0.89577339385629 0.99883432033733 0.61124198248089 0.9920201571213 0.12020531052688 0.91673434690219 0.96440604086829 0.26742869001006 0.14525914501225 0.97140854730893 0.91365740192446 0.9674007851954 0.99628167771058 0.99457946003315 0.84496740049973 0.8733207676429 0.99876725179598 0.99716610525703 0.044789048884095 0.96004816216224 0.99644666266872 0.7071141444215 0.78792222645525 0.81442081336889 0.11839089040388 0.99942393691439 0.087469317524867 0.0024477503732658 0.9679277132743 0.98794869862445 0.98876216156185 0.031206521893468 0.0075579138515742 0.049241180504816 0.012015210151114 0.99702023891696 0.0015056200306745 0.98400781676199 0.86281049944077 0.99944405283807 0.005515097148216 0.99788578845527
0.99949829014025 0.98072309889049 0.99350605856303 0.9994780320202 0.41851898690574 0.0066172597595436 0.99320388292786 0.040212575328558 0.33728657015737 0.034795317816572 0.64311759729103 0.99585167046378 0.92290041833961 0.99605774517838 0.0055004869926972 0.99374902123 0.71061098354638 0.32607145215989 0.90035390013785 0.99535861278035 0.017922519064503 0.89330938684399 0.9922627307685 0.99785002787346 0.99941063937213 0.030084532100233 0.45037641420162 0.9955125699817 0.98983558540791 0.27812893374479 0.37755071649536 0.99754700344798 0.78508147322374 0.98737540614383 0.64156641822182 0.99491775357478 0.64164059211873 0.98684817721784 0.88387296585209 0.99925749796274 0.0016468970439844 0.0046353938293559 0.039103733296713 0.076513366503403 0.80451916938139 0.12643209465512 0.28822775598441 0.99928931526942 0.98264357225456 0.99873014705636 0.91871662634805 0.043562485356888 0.3979776196169 0.8209053550471 0.98085502410037 0.96083493687737 0.9277423986394 0.99145696322767 0.50012581010661 0.95957431091946 0.82563474315124 0.37836582694774 0.89374284336755 0.97356403323708 0.96639367959517 0.98831879507379 0.99884358373089 0.67782989121918 0.61772591594864 0.99887377541889 0.83986474829635 0.1626387128227 0.0018913754534115 0.98208630345076 0.027807800402913 0.99819468962869 0.74176343369028 0.046038219719383 0.99936514226382 0.33310277919678 0.0010295714162359 0.83544031151879 0.69625675981762 0.66593840542312 0.1471295089289 0.77940313639584 0.99790326323062 0.12515104530862 0.0047357282133164
0.20291969286019 0.99872939888231 0.96654602466305 0.98406089917907 0.99884250434406 0.82849749029121 0.99935599221581 0.99606275176725 0.9398762352402 0.0062804594695218 0.032064805683378 0.99839171923816 0.9691962952444 0.22503489206095 0.99431786382563 0.99760660572374 0.81566465729039 0.81741427182156 0.83783927632443 0.94491848877017 0.89247689804199 0.94811833248804 0.52271477096112 0.72757508202887 0.99563982584223 0.66748269487649 0.99512734956732 0.97387128342827 0.99513402176042 0.98686799772517 0.59442906499251 0.99936620903521 0.94200444450089 0.91565394913053 0.0058281792057408 0.66022979769458 0.32105490629056 0.0034037459524797 0.6563715289791 0.99168020066607 0.96209846916714 0.98384975747921 0.75027395128686 0.0059567619152844 0.69103197535338 0.99662015784594 0.19737382809569 0.25861018574811 0.91504258525908 0.99895316913951 0.94018263819904 0.81151500675855 0.99086792629551 0.99695993640394 0.51400013887955 0.0029064189232374 0.99130372881487 0.70879474673131 0.99661875639373 0.9585774427637 0.9821278013748 0.11486073219179 0.10638393746892 0.99434806270302 0.30996560291344 0.99838319430424 0.99048783708925 0.0066971101876338 0.99086152131983 0.99928071734192 0.98104101827365 0.011775026261343 0.97574806364666 0.81909984926413 0.99943058166097 0.64448595205517 0.99896491130466 0.74933674077554 0.99918460766335 0.95990844770223 0.0063288410490238 0.98367497888421 0.99412788266931 0.69724398512872 0.83850204258717 0.75104794652205 0.12223373995934 0.88422920145645 0.85160738973082 0.99719334122533
0.71216457435079 0.016724133143298 0.1187748859587 0.96216951977224 0.80517686835958 0.098688152998367 0.62002144953184 0.80242426652417 0.99925252034394 0.99262424219345 0.57921445497832 0.96917164890473 0.84686865385426 0.98546416075708 0.57034242553895 0.87845650520506 0.99738596686064 0.57218910066878 0.97185338802575 0.0095703257209721 0.96588041665075 0.94870529063041 0.98998251648952 0.047538127138359 0.92011207751096 0.97078395839328 0.36990078435211 0.93394519190994 0.17928489111312 0.50351131521214 0.8039737104804 0.99739643889166 0.076100952907054 0.97365149399662 0.88662891639525 0.99913675644703 0.99863523456275 0.98319107981401 0.99837755722592 0.87595112591705 0.80885239009509 0.32055391853081 0.93343417330154 0.99836647677606 0.0051743505648518 0.76278907382712 0.96361219716235 0.99850039185031 0.72922536416263 0.99886778865905 0.73622474184765 0.99448758522503 0.1158099868208 0.85385672208148 0.79056413970748 0.99952534325201 0.99892738938099 0.9631540679482 0.0057204599028719 0.13979269553583 0.6804156058394 0.95275508438659 0.34768415146335 0.24091071497719 0.027151279537597 0.75530625936868 0.99434179325669 0.99038814848441 0.98685666186608 0.99938132771016 0.99868114815373 0.29341182607228 0.014183543157784 0.98389433229982 0.95886116515679 0.99953087395727 0.97142213534845 0.95921762811791 0.14742197337955 0.99588951322152 0.97119666060744 0.90538375326881 0.60375281453659 0.99791511749708 0.0017880143756508 0.99777459940013 0.5070979744421 0.9201495317967 0.950830362361 0.99936855288703 0.38781598235978
0.68216998011312 0.99546533128829 0.99953660465347 0.16592099895629 0.92811416920436 0.0021400935427494 0.0078925785465752 0.93639782062287 0.96440594923664 0.96002801187939 0.62973753256276 0.8415825557242 0.78172069165515 0.46655417954896 0.96162322520261 0.99816041583846 0.94226146736032 0.58265067330344 0.99264470692611 0.99840659381047 0.079989191893061 0.98427484794169 0.9949317294838 0.59017272461042 0.96371036846317 0.9838762477219 0.99779623498273 0.99859216861602 0.9801396449955 0.81939856989483 0.122098336844 0.99945217864505 0.14044337804307 0.97885168780659 0.99574292774659 0.95562688085934 0.99877086062884 0.019974052713215 0.49899499617683 0.97781004419943 0.99904014659083 0.95145190304792 0.34820561387866 0.0036882491120967 0.991563151835 0.99206730614119 0.55609968570622 0.99766372484886 0.99943220023603 0.99817737351861 0.24818251221292 0.88301470560813 0.004814971442493 0.99428822261985 0.98619657048874 0.99096781660468 0.96680424595034 0.99335018132289 0.98169638721233 0.99932481778682 0.89045931130494 0.98543750437894 0.89397932317689 0.54401137941737 0.98912370105469 0.0050954336727015 0.99910929772813 0.13724603962215 0.73030203790191 0.16385666279176 0.19900880042431 0.33497370357176 0.86481913695675 0.99897946736074 0.018996761397075 0.99648298357051 0.99857579966677 0.69550378843904 0.99911995665846 0.9985472757009 0.022347627853106 0.99783839480127 0.99293806310515 0.0011964471926497 0.85303158356604 0.0015967678150475 0.31238206554589 0.99398711314106 0.95026431715134 0.95920195298866 0.50054526981023 0.99946762225639
0.94357501899787 0.98073860530854 0.97268573315261 0.95185115181003 0.97597580505117 0.99342889743856 0.035719541081495 0.56795770707181 0.46014643395429 0.99866355981883 0.028731418189492 0.9099274457223 0.99367567591015 0.99869691062791 0.94708421417302 0.97836130000998 0.96775422419183 0.53373393744216 0.99930391114006 0.99488874114072 0.99488621378116 0.99931925320601 0.998322330281 0.99918897486062 0.99518345658339 0.267029523899 0.01186894292656 0.99939772128162 0.90032308264526 0.98866795022722 0.0013544019174391 0.3263306970921 0.99722489975426 0.47857385391339 0.911740861629 0.99065467033841 0.98043718705194 0.13355852835925 0.88453982005667 0.9798354816476 0.042090103586995 0.67756565335628 0.36698486581658 0.032621773004446 0.98684821953331 0.9227949699822 0.99785703516161 0.92705811625419 0.79837091364957 0.87797568427631 0.015669653085874 0.94052263488004 0.047031066063509 0.86929266798543 0.88079972950253 0.53183013417188 0.80165075878932 0.012948962391596 0.18320803545425 0.89219370822957 0.54004374899516 0.99931730869743 0.6429553596128 0.99039014791028 0.13165716179288 0.82099955153891 0.99943191211256 0.012616869213302 0.47763074001353 0.99942672209746 0.39953639844313 0.82443812113619 0.85066210081157 0.26278397860859 0.2855391362748 0.98256552416132 0.91478443132871 0.17897956291351 0.99879663471177 0.99394437140778 0.99546618204607 0.11019885982298 0.99834740474721 0.30843608527677 0.23702402004476 0.93040771545982 0.29350938460139 0.98424692961193 0.9725220319236 0.999346716134 0.98799043220155 0.70351254570524 0.99392198957937
0.99817705943856 0.99880471306209 0.87944771737392 0.52824983899093 0.032793382610124 0.99594092961547 0.97184799467687 0.98103569205551 0.99929632858213 0.14642540146494 0.9915895518787 0.99712216259166 0.99946058929298 0.99788929060723 0.40798962433135 0.49311576875903 0.99861618566676 0.99953307701246 0.99817955030049 0.94441056363906 0.99244512069502 0.98139670044573 0.99743223943227 0.99577009935586 0.020402427010192 0.53593846375235 0.99484569791925 0.99685017206057 0.99846489583263 0.99874014153888 0.0026760857800547 0.12550906499974 0.17960441953142 0.99236433493638 0.0027213425871076 0.99918072696328 0.98503052627254 0.10794545305413 0.97532652967129 0.62293545142129 0.97935960769307 0.99814462562575 0.98995514132081 0.99463471238747 0.50167477554855 0.99923954715758 0.99939700526136 0.84376564075796 0.99928815622629 0.90562940611181 0.80035322020886 0.0012804222177421 0.72265437734822 0.98097271348696 0.97424530330041 0.67256940417967 0.99085489290691 0.98513824738128 0.9994846227953 0.0099993183114947 0.61163195051815 0.023917840225788 0.57825088139364 0.027180200076479 0.70185971497606 0.31087340605125 0.8333851764034 0.87996198289898 0.65757591746743 0.99849413157092 0.15487933955076 0.96977128654538 0.98665460283734 0.0099216387280485 0.33303827599424 0.4781629588013 0.99686566125943 0.74398507193398 0.0046730985853854 0.99582580665524 0.9370096789807 0.99436971732258 0.998965208516 0.39749937883549 0.67294027814723 0.93151443892664 0.29729405748657 0.14739204247601 0.99502881464783 0.99521955141776 0.96262169898242 0.1785514689053 0.98419880155315 0.75285721355809
0.45817023510393 0.40075574021476 0.16610030111115 0.70348374661806 0.30541874810362 0.99930338893595 0.99944020085782 0.71986185760403 0.9842378914027 0.54694653694629 0.98584923320631 0.12170609675471 0.14643789695639 0.92475224816475 0.99484219471955 0.83331571381168 0.99705263293863 0.014448907313836 0.99045098669815 0.41283927296857 0.8063908962889 0.99676339868047 0.98538371426044 0.73830344004794 0.080439915273021 0.99939145624161 0.9995044822143 0.99946200344048 0.2015323180757 0.88485908264052 0.99924607210927 0.36457505786412 0.2058803361893 0.035219175743908 0.019364787588361 0.88874204155961 0.98783488322448 0.065224494445721 0.92528909690688 0.99905016982255 0.97154880899735 0.99724435110193 0.98668938620185 0.99947539452279 0.13343590270582 0.99822197567515 0.99624100539707 0.97191246870233 0.99831735791738 0.22139395834755 0.68329978888931 0.23341042743181 0.088232920716821 0.75384514397202 0.90272027891958 0.88484716948094 0.99952604147007 0.021325177666981 0.99848098555131 0.9980703704817 0.67848469643881 0.94611954649254 0.039898186586646 0.99935039561535 0.99855089059729 0.99444139972356 0.0017384031131228 0.99763274645172 0.9886430845553 0.99922958903309 0.99886076233382 0.98130403461074 0.15408262932153 0.098552595977386 0.99816112109443 0.97944318184309 0.97193508392287 0.99402048461125 0.88750433360386 0.99893680353736 0.35003363519933 0.23226674272928 0.99342465140338 0.99905508948895 0.98977226246897 0.99504355052931 0.9994030282315 0.99874535463 0.001326142831123 0.99919456456521 0.077738101788345 0.98819679141378 0.76966350141184 0.99633984253433 0.061108984694582
0.26916116412913 0.011250618711501 0.52869373718134 0.99668112472722 0.020955235630297 0.90415001339131 0.0013056591160898 0.98488787637984 0.97441541990428 0.3935859531596 0.97022435157606 0.92935868994992 0.19663212042651 0.061608370762061 0.9977626771625 0.62391771932895 0.99886349438973 0.9394523748797 0.99925609679526 0.96712598692119 0.99946273483564 0.80803793434314 0.83627918599331 0.89451794537676 0.99877117280207 0.98748307097471 0.035478402459283 0.96858386875685 0.95783630167086 0.0049796265969043 0.84543728529105 0.96106112514713 0.0011649818571764 0.67207116495537 0.99824970037161 0.9995118449345 0.0058667017736866 0.88891911205953 0.9900803233802 0.67143859784242 0.99920474400434 0.99508038475278 0.98546455871568 0.83884213451065 0.44820944111285 0.017918823638693 0.98975390667834 0.96590821539995 0.0010532564477108 0.99924741675166 0.97767325731244 0.99706100565858 0.90639962786152 0.96838292153423 0.097952157075882 0.99137979181005 0.99603072417525 0.023404598817386 0.3424117726024 0.1433028247474 0.54619644873708 0.91894712452316 0.9471091427342 0.61413746727674 0.77406389230987 0.98027960021451 0.74674426750612 0.99421903973663 0.28136081661685 0.8059158438695 0.99749783491996 0.78505980035729 0.99909185214023 0.0043351568445255 0.12285837193077 0.94736367958053 0.99747165479706 0.82214856336134 0.9158601106471 0.52129423760823 0.9994057305806 0.99949582671763 0.97740390395737 0.0096385504116698 0.94710688140445 0.94793539365857 0.99466171569188 0.99926196995009 0.71155902724018 0.0096154887889858 0.60139266866341 0.0059668116894973 0.93311565284767 0.99825510328949 0.99798528230582 0.99558566028847
0.92614000965832 0.020659755782931 0.5412186406723 0.99743731010766 0.54446457697663 0.9986929549663 0.75352723920567 0.98854416096204 0.39839746015617 0.91109196197469 0.9609183474759 0.94797019952416 0.5151727137693 0.19197546754344 0.9659713672424 0.4929249886685 0.020158360893875 0.91642847619802 0.99841531087114 0.032320209703149 0.99740052484187 0.99908084521639 0.97719295552924 0.72996626308409 0.59212793697479 0.95551460127779 0.32332458622137 0.99730470840005 0.14388059185887 0.98909517032982 0.99468060590429 0.6023952690977 0.99684900782855 0.49864002378988 0.061355471452836 0.99890496155734 0.62997460601958 0.0056309455888902 0.87860212134428 0.93072531155296 0.018743931664375 0.021082189996249 0.76739966067231 0.97944614677036 0.94204391806202 0.98791364333074 0.99618200687875 0.98895246554975 0.058640536946242 0.99296935586595 0.99673919325731 0.9893602478082 0.59111918329897 0.0091018534706165 0.99240968350582 0.013646963215444 0.65417507134802 0.99860750579218 0.64178826071714 0.048956152815281 0.99927601446546 0.9771036870801 0.90622682689461 0.98613288300799 0.70100665535225 0.44471178801829 0.82995015022746 0.95987429060115 0.99938321228222 0.93936504818228 0.97930526803695 0.047952335604436 0.82692959846781 0.97416011113592 0.037379901685954 0.4637537690343 0.7535377609927 0.21871486898545 0.92843975200954 0.62110120723321 0.61546145940713 0.52157079119384 0.9474676910712 0.9898260014611 0.98500730732813 0.58817187730756 0.95483182450793 0.98655701746774 0.38798400998581 0.99276495718586 0.7084403426493 0.94875986452669 0.99400550334361 0.99686944691144 0.9595223189724 0.98135322162294 0.88703294650797
0.99872024302234 0.99813451963276 0.21859238591335 0.99902512050864 0.78027240156296 0.19645646402784 0.88933988941725 0.0011217227267299 0.96797506033465 0.99831795006819 0.85189240480898 0.18670546231677 0.34834086684878 0.62876473449289 0.010985925163407 0.08314237335184 0.99891038617671 0.58927168575357 0.97821780991889 0.49513851842495 0.0015861216608601 0.96833604634433 0.97432671266252 0.88497186358192 0.31008687377598 0.9993105985048 0.97084709072069 0.022461029200312 0.99938987212245 0.96143897479712 0.88305508552439 0.28997666999205 0.036539915644553 0.31869132841929 0.9534390195875 0.9651495703483 0.99674830375831 0.96843671319618 0.29014070590196 0.99819370523344 0.99943298759534 0.94852250249467 0.9895816621299 0.052823249111268 0.98411667421469 0.90836756894281 0.98775918612041 0.99774344988937 0.48499122764418 0.96785800107139 0.0017082404225108 0.99566884376665 0.61799508873893 0.4785877959583 0.994865377879 0.039962054280635 0.91653244944679 0.93402489906978 0.0095782408115315 0.99392497363853 0.99421726396947 0.99472607056262 0.98801172551662 0.92552480951426 0.020288803896025 0.99589962011658 0.21061397959022 0.018125447068014 0.98880251883468 0.034892231700651 0.99841578885463 0.99859807456229 0.99938928956597 0.99917990969384 0.55731557454688 0.99932134869798 0.25062165453092 0.96545765430896 0.86824994944564 0.95132479366052 0.98618033291575 0.99924631163671 0.99829839265538 0.22925309954458 0.56300429035585 0.015573957818732 0.99570995936803 0.9973123051899 0.97658613889673 0.98875624925438 0.9625364800783 0.054985492307375 0.99927032331659 0.97971228990159 0.98267699549464 0.015498166524871 0.6367885704252 0.69723866404979
0.98829493775711 0.99557093028906 0.039213052017168 0.99189582996501 0.97472191833099 0.36955050057638 0.99133728462444 0.99910593004726 0.99533206656145 0.97366206096403 0.86257428336024 0.9860268011703 0.076291412171121 0.85132270110067 0.39649215239261 0.82874281248203 0.99812276132685 0.67308911031261 0.99212057962931 0.58764332477341 0.94465746503329 0.99825588152 0.99905096208471 0.97107966861507 0.0093572329596178 0.97548522302683 0.99946965898865 0.0080303393396515 0.16618165880967 0.99598385539739 0.99027834110873 0.93824490954136 0.79768518129905 0.41678558158772 0.50224529775305 0.80129090823682 0.87419546192642 0.98605275938524 0.99742668993135 0.79005393689374 0.0027048089794511 0.083646225601792 0.99874945833352 0.99633203902243 0.99444556017891 0.023442774033004 0.98061516267447 0.99883880414337 0.99533498268413 0.45713701445444 0.97167506781403 0.99858963385834 0.99587257316279 0.99775162568812 0.99889625729679 0.99629989901552 0.28455252275465 0.93483100842843 0.98561103745996 0.40689724744553 0.12402615896527 0.75790460254968 0.87862858037833 0.80324746618899 0.85560467046301 0.66703500385508 0.0091113089605211 0.95700688286836 0.72608916344828 0.65362434267725 0.99903868533701 0.50066348168 0.92562776931988 0.99890989754996 0.98653388747668 0.19216102978392 0.99761935929531 0.77511958485666 0.70438022714378 0.64007360122147 0.55381611781436 0.38352720525335 0.908986514197 0.96260580326261 0.0012714182324395 0.041575089265001 0.0011389103243758 0.55825679991259 0.71502907947844 0.99840628421291 0.8868595653586 0.95474279721257 0.98860108075389 0.67822660131914 0.72123352951884 0.92112852895993 0.090028907629001 0.25230035063166 0.71166949856033
0.99699392305354 0.98274185827131 0.93901867883408 0.88451431476771 0.89935109039385 0.94678983262869 0.97150743884847 0.0058564785598572 0.94546607255839 0.85233388956192 0.99950315695296 0.99791768538455 0.8501663125415 0.90082258582625 0.54840679565494 0.99650267130555 0.9992459926301 0.98327677361949 0.0011769961313841 0.0012187352915854 0.30318662287897 0.95862293797204 0.6681485646075 0.98175138843975 0.9862536124202 0.30518674536538 0.99605710514261 0.3711536932527 0.010335703652542 0.94537938410165 0.14768992096302 0.99910517661574 0.90621108278053 0.95795261298342 0.99013642269177 0.8840484262877 0.99880345985873 0.99479766481148 0.98811956143215 0.99772815233724 0.0039810461212576 0.88451590422888 0.98835329968746 0.99952760512352 0.02770858913407 0.99367359050092 0.063463224185145 0.99953060754597 0.031584333664259 0.69101049830388 0.0074292771453195 0.019112965200509 0.96764077003877 0.99793840427055 0.68387389192846 0.96322382537509 0.99742204160875 0.72868764954146 0.14847393577365 0.99886313496416 0.43698068048621 0.99661798590033 0.99571981521102 0.52521330354339 0.9993968779878 0.99949362952489 0.99831342161668 0.99103479878072 0.39795186147194 0.80011539757704 0.20698959525622 0.99897694522361 0.95112262055931 0.82740869290846 0.97954641965268 0.49596681324084 0.89308038184845 0.99229762947898 0.99846897188218 0.99788638410134 0.95247633341669 0.29578664990272 0.86783457971436 0.5439689462082 0.29694537855041 0.80338102193274 0.93369970378425 0.99917319889138 0.80127208509475 0.98949490902373 0.99930586236938 0.9758600925791 0.99949205211659 0.88465209201109 0.065583411221616 0.53436270375837 0.63660806790092 0.99756460820677 0.27682488993288 0.42869365850562