100
0.23417300949964
0.27444442507934 0.17016793685968
0.072726834703081 0.19345318703044 0.10967291672587
0.099121904266494 0.067006348464259 0.21397901596128 0.19509069298096
0.073807256652072 0.077694620860599 0.076349785314824 0.11277707975264 0.18434660473599
0.088146725471568 0.13128904372168 0.098820648898782 0.10284548331098 0.24420614766896 0.11818777260961
0.067883713480401 0.20331676248295 0.087673217876389 0.23632359701574 0.22624968571856 0.084152439327236 0.083997947418996
0.095521104901668 0.10719020908993 0.27160176706049 0.068213947773927 0.1183070529901 0.17820372423977 0.24308625506029 0.12641997310258
0.15106930753505 0.26638448325133 0.15205625801874 0.06353376181366 0.12500022948717 0.2819718349735 0.10744636082556 0.14695062378311 0.17236201053897
0.067065616509157 0.14091230622766 0.10662581401942 0.091340575649341 0.18027988052036 0.083137979989693 0.18809475680573 0.15522608837495 0.069845683315869 0.12484991914062
0.25671412697298 0.23162490130836 0.21931789675322 0.080356330201401 0.11576475186275 0.21339079270946 0.10720419320142 0.06907034552923 0.070254402555662 0.071718791370096 0.17006145513665
0.23005230504617 0.17814288120378 0.17289145102207 0.20840247158444 0.071959409904988 0.12598695788802 0.17462062913964 0.091109813508418 0.069299165874993 0.077603208156444 0.092351821222002 0.2071454833236
0.090745945574008 0.10946566652326 0.11839283125539 0.082664263535509 0.22376867264253 0.11213515385559 0.14804508740589 0.17529119240014 0.21966440443657 0.095225368404039 0.086563054836558 0.093678439010815 0.13246156973076
0.13849134594723 0.071300797803335 0.093071368870817 0.094693732905335 0.10362258857896 0.12170291291366 0.089692240749285 0.20152822226647 0.13365490102398 0.15214142839908 0.074168397502858 0.085198430250595 0.079891784717949 0.26672063261442
0.26661688221496 0.1402215658774 0.28033985993881 0.27982566542764 0.24827076956742 0.082381921749088 0.16269233649536 0.15974267251462 0.26525493550601 0.18656417104114 0.10112054358286 0.22768424794233 0.19479919691047 0.13066505437162 0.080017229597093
0.18756442500114 0.14804635780267 0.21560457672294 0.25627779367599 0.064072193929833 0.15881343051858 0.071880899455452 0.1721274987493 0.15283607449126 0.16929835808302 0.072032342756393 0.063872030140038 0.15319829038915 0.18719900819221 0.21994137859289 0.25010553943073
0.093177436972973 0.092356418695766 0.070112021820513 0.1274551541753 0.11671357940544 0.087684510503971 0.0706267440715 0.12025371043401 0.063386256551528 0.11916711658314 0.23257649378015 0.10863977880413 0.20490157253735 0.090484740259717 0.12695003753196 0.17409674327703 0.175001502174
0.21640576095264 0.23403048760321 0.18908600695673 0.24102963652801 0.079861029802179 0.26934114001678 0.13830130735079 0.063399807593739 0.25438612376397 0.12419318961725 0.10394633706059 0.25068907333724 0.21480780263119 0.1095346747329 0.065097087804838 0.28378906327343 0.13028607529338 0.18459428677544
0.23918783376856 0.11059221702866 0.26147890617567 0.089870295600566 0.27568046511892 0.078691642923404 0.11475771005261 0.09681077777815 0.10792309140259 0.23000667085119 0.25621078044019 0.13091403872005 0.088638471846642 0.099114121566514 0.19321435516319 0.28327520544414 0.117372033546 0.13924473921943 0.16567778568569
0.2205430157404 0.094883510821003 0.23766680549212 0.28328372714707 0.083497475738981 0.23695170642964 0.23012709671399 0.25571129674965 0.16913020733131 0.23337491673336 0.13124325774208 0.08486860537352 0.12452659701687 0.27061933617674 0.19208301434931 0.14964210826543 0.16023908771855 0.15889359178596 0.22133010110597 0.18895360741452
0.063562521650278 0.17510257365888 0.15878876589749 0.065344731357581 0.2201284659172 0.26400703987768 0.083951130042408 0.14368764550022 0.15893682118985 0.072655431715214 0.20464477965195 0.074761765873927 0.19292971016068 0.084426048916231 0.13226131547976 0.21520579009612 0.25949860225663 0.072600066642279 0.080259007975138 0.17142657227201 0.086398795131258
0.16966163843882 0.19632584621077 0.12337684311809 0.14998698142297 0.27241269850827 0.15500732788598 0.068711560128458 0.22544009057641 0.24441820960116 0.11413980960023 0.07844834292059 0.092280657072161 0.074794216137067 0.13614369836559 0.085558039567203 0.07310506123051 0.079836449767305 0.15008873588279 0.076298972749646 0.074072813176339 0.25253302366927 0.11795623557112
0.16804659214815 0.21381687239986 0.27959188550963 0.096421337543243 0.096037879389137 0.19765886355031 0.13574058307698 0.15046274517299 0.066530774990883 0.27971129956037 0.17335819971434 0.23454098995496 0.10212490200378 0.10947050307369 0.076350236000122 0.077037515302366 0.063158773621315 0.093468103069044 0.18317422256032 0.11474056110352 0.08892985065676 0.24402883037538 0.21958171764478
0.10401015950088 0.14507144681135 0.12087513502851 0.072290060056562 0.19260276950325 0.2812034513527 0.24115256824486 0.16089290595296 0.081701958058415 0.15163808166418 0.24438371054117 0.10417824962373 0.27045919319825 0.12342255282326 0.24179368871516 0.078898572417305 0.086334561132873 0.26655615381961 0.11418404392024 0.06874524781759 0.070537786885258 0.12901077265426 0.10473047844272 0.092710749535267
0.074350005664605 0.15900191551387 0.17463976715481 0.17951572550713 0.19310520777461 0.2844559445561 0.28313463779523 0.064913175073598 0.17216102871167 0.14549311454752 0.10526414803156 0.080191064546717 0.10843885891089 0.078702581555608 0.1590957471559 0.15606336399822 0.084984449635938 0.06591641884745 0.27047232236348 0.18609944391436 0.10355903045148 0.09566426014566 0.1585989757478 0.27407959041894 0.22670794815684
0.24677802228593 0.1686794910337 0.063048527689191 0.25867971563415 0.23363747500026 0.079703003357538 0.26995091086551 0.082532041932419 0.1671478279112 0.089623433383297 0.17489335983765 0.079678227652687 0.25606020469554 0.16972405586095 0.10160342700412 0.22858082306392 0.063425258069281 0.19201202937657 0.1640484579942 0.14335092402344 0.15017271614386 0.20998012409159 0.06941872665126 0.12511219296753 0.12402768028401 0.1442117059048
0.11318297979213 0.25491138679214 0.081527201228096 0.23381558755214 0.27716888421642 0.11407801302327 0.21034558852623 0.091745155688517 0.28523181511259 0.076810001332559 0.12704175021337 0.28115929012532 0.19172731569196 0.17162958574365 0.27963636287862 0.28086523191352 0.24736085257681 0.1244818873 0.083703253494832 0.09925712787681 0.092205000984399 0.15687996988569 0.19868510768978 0.14364267816528 0.068252853582905 0.23901722532118 0.076843411896514
0.086757578738583 0.12917610482911 0.20459978364973 0.25926549489533 0.26710429635781 0.12442709346715 0.23988596957444 0.20979453886058 0.2068226900759 0.20013323783057 0.24872984803804 0.067109678902802 0.11579152334619 0.27092906836962 0.09493996183517 0.16003024165662 0.1044010788371 0.15454946480661 0.072526982565274 0.068469846424831 0.072142761227215 0.19787921967144 0.076183156598036 0.16805282305226 0.082789031604219 0.14427300561308 0.079867535641923 0.15177869118421
0.070710732493112 0.20483729992519 0.097501169925494 0.20366397845387 0.12577969609687 0.15407916759696 0.14774458091461 0.22553192936604 0.22291914066391 0.204437656808 0.23771875500984 0.092808455219479 0.17851703073179 0.1333901245345 0.27849628778919 0.23859522080779 0.27228053483978 0.10909924274472 0.24874347690852 0.27780510018487 0.10539057597418 0.16127425716517 0.16302257691894 0.067341461359087 0.15932442967206 0.28141614276996 0.100014275098 0.10536200746041 0.1551573665627
0.073742189885434 0.087011584876635 0.12447899146336 0.2364702723056 0.24692815640361 0.2134450158475 0.069571881004375 0.17481736750718 0.08781214476199 0.064366550648507 0.13551599780787 0.19304496279727 0.10221702220009 0.25804283166156 0.28167469510888 0.17044701407748 0.13707443031933 0.12541512451358 0.10800453418753 0.12488714190068 0.26719486698629 0.25774576319538 0.078737584312272 0.28043075923097 0.13690368503375 0.1929990578879 0.21153341418309 0.21371460257121 0.15278492737474 0.19092172053498
0.066221138449519 0.11536253210563 0.069990335838029 0.13500917161869 0.079410019753029 0.27270512927559 0.079637274405799 0.12870474469755 0.23624991831887 0.22064705157532 0.17246289035273 0.27944110912226 0.073587162496058 0.065793512197055 0.17491415303645 0.21301312419674 0.21706279489591 0.10636112096441 0.087406606165188 0.14315471843205 0.10753623787607 0.1936927494084 0.16620515727346 0.073069514907463 0.098529334455334 0.2821312004341 0.10127025300723 0.22294092072429 0.21724523415716 0.077701054637055 0.095427202699181
0.14449216419487 0.12143140433355 0.13234414276516 0.087391868797992 0.28530350497538 0.1144427964563 0.085842252696509 0.087195255242421 0.088290902687355 0.14654250234401 0.15203082028755 0.20384662891347 0.087313669517213 0.11167119917655 0.11941480342529 0.088582797019844 0.24356897208635 0.14622889372643 0.065780169636447 0.17785850408922 0.27113979557212 0.097031928514358 0.073192149429162 0.24353711540041 0.21850532044493 0.26124445100265 0.083132458538607 0.28234012198833 0.21298578408172 0.16759306687915 0.10730645031253 0.1554454627302
0.17526835779523 0.13901438898598 0.14257992908152 0.063292499091494 0.18370467276533 0.10523848618199 0.28083569620759 0.22290374177244 0.21597576874341 0.18656563394429 0.13813840318853 0.22604907442622 0.078332101557576 0.06295368043364 0.088612242407935 0.26138318643785 0.062556706501216 0.15566741649674 0.11473746429341 0.15705328928938 0.1504332022749 0.19542113807715 0.12556314424913 0.090151876425814 0.1797154008159 0.12276677634029 0.22113320016935 0.12365790235104 0.13695050223012 0.13756912488766 0.12613678536473 0.12305584977943 0.089001225570889
0.14716398635884 0.28472681814337 0.26761617477164 0.10342542111915 0.0876384219421 0.095033379388109 0.074182883983374 0.15336560431111 0.20448900458923 0.066228654029546 0.16601629167908 0.12702721033833 0.14392921213574 0.22933706567928 0.068772231764418 0.15875625056973 0.15455670291225 0.12605439692688 0.18186390477235 0.2441430375373 0.14040807217543 0.077920928075157 0.17262906703135 0.10764207662576 0.17432436045873 0.15429401356752 0.063546295210467 0.16137084547109 0.26526986254679 0.25692178679166 0.20531867734741 0.16822523294818 0.25873731837858 0.076991581280529
0.083826153406007 0.08380470954893 0.14566222745983 0.11434690987695 0.074767189764035 0.14872370565651 0.078270150949578 0.069468830357358 0.06483985431869 0.11056839745839 0.22709960987381 0.21263823340262 0.097401343033033 0.24636178223236 0.096061650730483 0.20925684173864 0.15561882601788 0.063608981971246 0.22935489933625 0.17553032618739 0.28236500771437 0.19646822423308 0.065606402712324 0.076498549212244 0.14594461459742 0.063916707676665 0.22456526767166 0.13011437844327 0.16281503735656 0.22513312723699 0.08014470872344 0.085977911056174 0.2297856399273 0.094026517360836 0.22437580302981
0.24303466132931 0.26795879874193 0.18037674471508 0.27735996467543 0.092265293661478 0.18000760990776 0.10366067339485 0.17760345910368 0.18967737375887 0.12372102478083 0.28520013604262 0.2672168522918 0.0811988245672 0.23659259976998 0.11153809887237 0.15362251060569 0.17039859207475 0.11966350506077 0.21194965170666 0.082096168487041 0.093581369950301 0.2781475999972 0.13141265982697 0.26258862571796 0.25788356381493 0.18582969008304 0.13328854401077 0.072155301528323 0.10493594323108 0.096928603461993 0.20391278108367 0.15310609875472 0.096084794572421 0.2277734961373 0.20631741933436 0.096601864207862
0.16964237931893 0.1266169318033 0.16187517560252 0.15591316105788 0.12764779221393 0.10252684159139 0.18552189171079 0.10984089255933 0.077562400424903 0.27319735393317 0.123893324966 0.1868488120414 0.23298694219399 0.20886539976475 0.18763493668878 0.2226744660782 0.15116532730871 0.1810540570005 0.19222684963358 0.14936610454283 0.062597852375308 0.094017808369106 0.067193009035433 0.16991083910759 0.19358473350469 0.095753085668889 0.074673300937348 0.22253504684628 0.099262975416707 0.16543138991922 0.1543100868915 0.066534698969871 0.27151389638971 0.27059667042156 0.0829557941663 0.2607667102883 0.080544584896096
0.17830202631062 0.090890943925363 0.22292416032086 0.2126709007735 0.14605011691532 0.25151846512912 0.066989313687433 0.17472026950149 0.21779000865091 0.11777100220533 0.17236139381763 0.21992984891939 0.21067369981398 0.25540771521202 0.06338283807133 0.11399665905819 0.081525925097656 0.071758385794834 0.13677235717714 0.1958883135293 0.10939862593147 0.094885861167967 0.28402958587655 0.068768571998197 0.18380074940497 0.1146193183731 0.14453747295871 0.19939931510481 0.1708897550112 0.20528527639161 0.090235734201451 0.12309151136388 0.23138458258794 0.17953320309179 0.19173673644253 0.07100297856891 0.26376180459118 0.07801585300762
0.17551482077474 0.066881957108133 0.072125985376836 0.1764583797124 0.22019299443589 0.064195471013174 0.20282129872353 0.10822199325365 0.1762154967994 0.090282012453531 0.1790891082489 0.11712461279139 0.16205700423339 0.087345102055797 0.090863542958717 0.09218667842639 0.095629616932948 0.25355861107952 0.20732839931265 0.064124588815995 0.076044564438736 0.11160077334332 0.26295999422998 0.20718023022839 0.24481408097374 0.18465457663881 0.096834519118617 0.18398198889041 0.06807953582406 0.11454686113921 0.20358185909546 0.14215722391037 0.28411593958445 0.20444435532832 0.19007202208757 0.22343253173392 0.16716386275922 0.069283971377772 0.13596477201987
0.091733254383944 0.16314033157769 0.12081753959893 0.25194689013872 0.19524320419291 0.12385424284522 0.085258100773124 0.17798691031127 0.27324932131727 0.10684006816193 0.22748934553394 0.062926044819086 0.11174230322802 0.25105853277331 0.085570604703541 0.20849939566664 0.17691444098291 0.13165425394466 0.25890981202204 0.25451845925171 0.14153402986428 0.28276169945769 0.078474893736661 0.24835012409603 0.12509602472078 0.090580796852562 0.090983812398078 0.2062975143985 0.082831756814201 0.22959494999419 0.17949312517252 0.11029320340875 0.1113011413744 0.15129995902932 0.17236075677236 0.11346379077386 0.14808528419784 0.064673876960488 0.28169191910944 0.089766149927144
0.23011084659407 0.17437756087281 0.12797837559082 0.062506638207823 0.27601569094368 0.15518134430163 0.24537491023584 0.22961565631803 0.20226874438817 0.18989689689129 0.067846340603036 0.23554157774121 0.22240737676284 0.1307536253858 0.084910242042576 0.089155186041893 0.18024897555926 0.080494337675926 0.1622585354974 0.10204862608422 0.17948476802758 0.12692095032267 0.14282013653742 0.24825717934093 0.13282223355249 0.13635451317734 0.19672111181661 0.14954703633007 0.21126309618646 0.25316140992792 0.24209098905885 0.069108356672178 0.11984810599784 0.247851705572 0.13146505471813 0.073084978871122 0.18997354613907 0.13698754853959 0.24820117842555 0.27413485506975 0.1391865168251
0.19641340561897 0.070239749149295 0.24049544997313 0.16145753116462 0.1703990445966 0.10972042057318 0.15500793495682 0.16690327819931 0.13266722255331 0.06435341318399 0.21289828360808 0.098996711759084 0.20522333409498 0.14096451215073 0.075353169788615 0.074448185417804 0.20341230795441 0.084109327836323 0.11191355790124 0.27946910767945 0.2448466145331 0.18807336003676 0.070936657379771 0.11112814246398 0.17671566591139 0.13827600329904 0.17309668248406 0.099924252863835 0.25346417512534 0.094792721063849 0.12399250913158 0.07714423070697 0.10446282708291 0.090989926897246 0.20170418609782 0.14936240702326 0.20773233059793 0.25818918367446 0.071476280730417 0.17358416950852 0.10128524042279 0.06894575816807
0.17876827022559 0.112659635814 0.1697147464737 0.2273956749546 0.16479082416634 0.072403978943247 0.082664542045478 0.12152006405295 0.066556461840029 0.17752453873697 0.21101445630136 0.099133578204634 0.26074589645171 0.088249819188639 0.067864648078828 0.11540639922273 0.12606149369754 0.099012483406949 0.19387700564734 0.086841927157552 0.21649692264807 0.18240151655525 0.28240753523927 0.15003408333231 0.093820306414501 0.13237951074303 0.10716364731193 0.15081934464556 0.17694913716126 0.076951619056478 0.064584194550575 0.10428404882182 0.27826574428799 0.22624269930028 0.22598440139717 0.15985678300944 0.099657067375407 0.27923359298541 0.16168002108498 0.096868534152358 0.15665202179073 0.11014774938279 0.076435340485256
0.086749054880941 0.25483650006786 0.11589414191688 0.12112872164656 0.19083995413617 0.22661433002887 0.074881655121759 0.23697950899377 0.1177418555002 0.20526799608749 0.06844106761443 0.22748986269779 0.13827646177972 0.10145354889668 0.11561101204265 0.095832307246624 0.26823211713978 0.19791467675068 0.22760844523547 0.2200035188539 0.12357917000613 0.19133115379748 0.069777982425657 0.084253978551626 0.21462585905397 0.1045534693699 0.11961186697401 0.083001668921569 0.15979939352408 0.18118261103443 0.13394143213202 0.10495445036595 0.18784578220464 0.07960473468066 0.26725099044116 0.25691884859067 0.24781728504993 0.087141052740443 0.17232723441078 0.081887299525735 0.16651471179319 0.064992662004463 0.23402758405822 0.17957355838547
0.23855375508669 0.134520267081 0.24267964761982 0.21212693692317 0.24679714447403 0.082622305633741 0.065783123906167 0.10004843716318 0.15574305669906 0.18181374874413 0.26075389329738 0.11473248455192 0.23250500832519 0.10301914209666 0.11952175834683 0.11336647195734 0.17393015825532 0.10038594295351 0.15381999851967 0.24835845448983 0.17343850186609 0.18222340867697 0.19652672018248 0.18603661538116 0.14877040227532 0.14966117665999 0.13512457050086 0.11620503203509 0.1638709259737 0.12757141114104 0.092948547248733 0.088733291908968 0.11777160059842 0.067500453939057 0.10009238307207 0.22049836798577 0.243805274685 0.15662921941751 0.19404253867929 0.27402467818867 0.065255963644929 0.23000972262407 0.099291252510944 0.065846777102915 0.11205075728115
0.19003842919123 0.2235420520337 0.24172650575841 0.24181437054804 0.070810762325571 0.09465873190976 0.16237361635902 0.22761949502128 0.26438881194041 0.19201765888082 0.1009469472147 0.090457029768816 0.11831591913081 0.17514274933819 0.065041293232767 0.22323096829502 0.25155131188535 0.097625146285553 0.090067918076206 0.23081470426698 0.068320893782007 0.096838965610431 0.25947131667741 0.18412918769789 0.085953613618266 0.12229880984654 0.10720727487309 0.20337892688026 0.19441472875948 0.076848589565482 0.18495787800271 0.20083141146315 0.18457442062905 0.098374887433611 0.097648970355742 0.21978258778761 0.17886236948344 0.13199316814507 0.066459647629872 0.12953658524328 0.074167861602984 0.10961372443981 0.068620930166378 0.078213421234481 0.11753586719527 0.23832391139445
0.10871576308657 0.24629198116096 0.080112404351002 0.23929304403035 0.25492920118201 0.15034216836571 0.19286157919807 0.069486916911391 0.13717160399261 0.077547469012429 0.1372723724577 0.24141396171292 0.27877354256104 0.27255097872597 0.15377607952737 0.26390263492673 0.20699527995219 0.095057402037282 0.22435261460094 0.20234820122053 0.10092285212426 0.070862847973968 0.28332850898597 0.10241180089099 0.074856283642981 0.19398935608399 0.26844377885237 0.1849404320103 0.19524862795251 0.193215236784 0.11131522247454 0.19661192181286 0.090642025184948 0.15545158393126 0.16041433984507 0.12165199227827 0.078887258674603 0.090781327705219 0.12730039882224 0.14269965240162 0.071767943644695 0.21487797682868 0.0898022380145 0.26115558315079 0.11055411947618 0.11159822362642 0.088523046003255
0.23038272166778 0.1909824235898 0.16710961106955 0.077242166856146 0.24236430979696 0.213936841079 0.10229003606741 0.072583770473967 0.23797156214198 0.16537783892449 0.28458300008143 0.090390018832767 0.068217796278121 0.25457685120738 0.086747954804289 0.12198207043437 0.15488638669875 0.1287424683396 0.092472281277626 0.13118551978089 0.072269786378578 0.25736377218756 0.23436309879499 0.094789200023381 0.24172711779388 0.22617573927388 0.067655113091848 0.097045848748403 0.14315266850791 0.22011309951065 0.20467400990802 0.10366743941716 0.10157871561639 0.22292260566247 0.067334858496512 0.24640555711992 0.069212907159824 0.073568941708229 0.066754967229082 0.10482421882666 0.16920108388444 0.25393456240438 0.25122524665454 0.079704646296498 0.13921671343162 0.19300786895003 0.22724377636209 0.27352187902899
0.1728203103965 0.097573701064873 0.071039182871254 0.27274408866606 0.26823790780947 0.10355407588923 0.065506725275986 0.14493836737304 0.14918315873948 0.17134876688457 0.22968754990491 0.15486811249006 0.10890348791653 0.080185677538522 0.11403493826697 0.21003237843502 0.17390165447826 0.26675576914691 0.12650389883679 0.14078099617559 0.084996526675852 0.14279215666633 0.12240905218924 0.095827038746048 0.15403592098361 0.090027281599255 0.13440745433862 0.14620260640585 0.11879980338626 0.16586338313868 0.26688585705614 0.23481826078654 0.22492028836044 0.066855521008543 0.23243655071033 0.28330448819483 0.22082832065633 0.10425094222322 0.16507597073425 0.22315151184296 0.095736436541844 0.2147509712354 0.077138064460142 0.21851085872008 0.064851782725661 0.15164299453278 0.096783060189475 0.093079808366313 0.19635284362582
0.27237085859842 0.084702379936296 0.15982383568446 0.11651863721007 0.2411036907246 0.086294117504497 0.23107441321037 0.13537921345383 0.12406196732275 0.25777502845481 0.090247188990135 0.14579863850153 0.089725706588856 0.075257040778716 0.15761739880897 0.18878053105592 0.067611476502773 0.10143833342766 0.23182094639691 0.20377101340689 0.092773680021864 0.27703242406694 0.13575589831755 0.071756647764042 0.0846638226327 0.14281016343443 0.19839140292113 0.073580686044229 0.13884789598677 0.0962467694195 0.14237025109453 0.064350070739135 0.27295741043185 0.079922731673835 0.09989529357943 0.16737053417717 0.19333137704991 0.1738554005907 0.20490371895615 0.25018043015875 0.073410061280845 0.084225466719871 0.18007306026321 0.17529307368197 0.095196548179976 0.084742311398078 0.075609325528246 0.080764392053643 0.27546372437508 0.19045174504954
0.26615962091538 0.081434721338205 0.25032508225436 0.1178923761006 0.19825971060097 0.20840005096551 0.27199411338549 0.1543674127727 0.10097327641801 0.094281281328123 0.23764902444205 0.069871640309313 0.082189952241878 0.18135191838008 0.11813674818531 0.091867340859214 0.21316082837577 0.090899425896326 0.22461019125296 0.2488030443731 0.075530094596709 0.07126437590778 0.067648903818129 0.10973075136301 0.20395050719471 0.22813244550448 0.1328471725348 0.13858872426348 0.10390738316212 0.17058447081367 0.14237244188376 0.13538712608168 0.14872540816421 0.16567265958017 0.14103795593711 0.12251027452354 0.073889840415983 0.087986013274273 0.12215048548005 0.17057526782581 0.27830472774521 0.11062088814975 0.16382707921315 0.10402059177398 0.16847423376291 0.25421001569691 0.17660359354234 0.12749324664946 0.072583807472217 0.26764760342586 0.13822364490903
0.10440138583222 0.1168689812062 0.15815797775767 0.094328490829785 0.1791606337627 0.14894075604226 0.08845515362955 0.20995226148092 0.22144927884961 0.11473886850861 0.2624876266681 0.093700911716876 0.1068522978374 0.11974352795087 0.10491462982677 0.1184407366746 0.2070404018579 0.25793675221051 0.23530228526287 0.082856154465017 0.087936533743776 0.097272570057259 0.085992561738759 0.076323582631241 0.17786304845515 0.078620468916483 0.10763586743164 0.21310885667081 0.24510722912438 0.065606798160899 0.070239770731966 0.063486048855834 0.10488200705388 0.11870874991659 0.13645222195758 0.25542606919555 0.22801847343091 0.28029615792565 0.12097686710753 0.22920854784412 0.1697002937791 0.26995397500606 0.28507298049484 0.27398910393168 0.11880336227142 0.10428225185646 0.25459438264859 0.13248749608443 0.17751120925225 0.098691909361622 0.1786025312451 0.10762277855697
0.16101848745898 0.18101111512479 0.23066940611096 0.17431925818591 0.13840161981715 0.10928478167849 0.11411615838795 0.17217573968543 0.27313729616487 0.11441089215991 0.18477196250661 0.16253140160966 0.071437336218955 0.1772874919312 0.22291048009247 0.23236597286248 0.17256425571759 0.18760437204761 0.26497510272987 0.066600636704373 0.27775387122296 0.20346662357485 0.10144314164216 0.20279291821743 0.097399636405497 0.15001466250859 0.14439353347344 0.20823448397288 0.27479660880496 0.18170472151837 0.24909018053354 0.26650725375532 0.090742147847555 0.064367983680299 0.13838009955911 0.063553216282175 0.083529558998923 0.23679555692791 0.18573293437075 0.19897372960139 0.11818150046981 0.19643283366735 0.27702946713471 0.11845802020044 0.14630714350866 0.19473957366541 0.077225028590781 0.19502704851184 0.21080473697228 0.2127567243082 0.074273291461464 0.1363459099681 0.098636440923516
0.087786637728569 0.065269942862912 0.16990455907513 0.10600472860617 0.099842844860112 0.14453876015215 0.19452548639909 0.25488659364837 0.27328908939078 0.089703031640145 0.27390668158453 0.20530055570112 0.17660335588541 0.069475323244193 0.16066793181988 0.1516652467043 0.10008555586819 0.15905463303751 0.2854716469153 0.15048583869268 0.26065180993092 0.21050872506637 0.26855047354958 0.11927622899953 0.23437287115486 0.084944577332202 0.17512358639576 0.10184800417996 0.081412675745415 0.2845983328577 0.10276530067495 0.14519181376946 0.076954646314714 0.074225776142134 0.23615411830917 0.20164308776026 0.098356465275879 0.26984387948927 0.11530264561304 0.078510966797468 0.073238789089512 0.1076393163264 0.062705347635069 0.25647332889686 0.28550016649536 0.14788912212354 0.17836270271123 0.072621221764831 0.10065642195754 0.095951264332796 0.26053407328168 0.18518124714072 0.10007089359559 0.22878206881217
0.093862464876636 0.16532771662403 0.11510099851828 0.13374477796307 0.27706492113891 0.084215697570932 0.073857429083322 0.26070493403501 0.18979113902831 0.13375794827424 0.28345495148121 0.24712325556203 0.24700679063141 0.066219524460481 0.095502800973112 0.206433993852 0.083706897205142 0.21670658639704 0.19752599771471 0.083812552789674 0.084815525875317 0.2596694142972 0.14358999890865 0.069984125698704 0.10150862509669 0.11830764329951 0.079925894738458 0.21306537196271 0.26290888619362 0.16152731755397 0.12053666802043 0.1464892281523 0.12399408506002 0.13563622125424 0.28387421373561 0.14679877130517 0.13085657416113 0.10672157868714 0.10526687869467 0.11701337585274 0.21260114710402 0.099498490235299 0.082866955787219 0.14511790512747 0.18345596411038 0.12879073496976 0.19514087894844 0.13060050460144 0.067766123883536 0.25860664083491 0.10060061801273 0.076478848858195 0.23529475703353 0.25269700010369 0.15694961589889
0.158340103414 0.09469842583016 0.18510891288102 0.19270276322107 0.11796060070278 0.19343598158352 0.26368233735894 0.07563602436206 0.12178149703194 0.12126865121475 0.089328441044886 0.11374282122632 0.26188591923971 0.20879561052118 0.19261774420109 0.19936132142223 0.27222895249538 0.076066492810733 0.23871679422903 0.21377403952988 0.21711772342318 0.083434676450491 0.12561452648908 0.22091355449042 0.18319741068206 0.15118315457958 0.067979743475034 0.21185289563235 0.094070477987689 0.26021317565235 0.16031985933266 0.10077068910656 0.1142642797628 0.11798721240017 0.088541233997099 0.2102266276065 0.26355662090107 0.25115767501542 0.20600436176944 0.26944345526603 0.20819976030374 0.12018216931328 0.15553519295261 0.10495657353527 0.084211951713134 0.17392506512925 0.21083318895618 0.13895494398729 0.25975766115788 0.076243681893462 0.067600673837039 0.092858297115269 0.076899428282639 0.065884404813662 0.19241079467528 0.21278248519061
0.12533061079507 0.21008068784122 0.10559729249968 0.10281757026275 0.091573739657793 0.28191743090649 0.20753910729184 0.166216448442 0.079888111839424 0.1153262658442 0.15449059195323 0.13351132839062 0.25585126047544 0.10153525486267 0.10497962241472 0.12287488446984 0.10663419841363 0.10428731474299 0.20941191231813 0.24887277883817 0.21814794251229 0.0638977068404 0.086438152761842 0.12970467529231 0.2565243727283 0.23913465305504 0.26456503863643 0.12093391467713 0.0928117848826 0.19629516651469 0.064776245371539 0.17985790064466 0.20974619185389 0.083817438356865 0.16966758330401 0.087164334040507 0.26688832331407 0.071394339152959 0.28350433022696 0.16492296605569 0.22112959712453 0.16488105392935 0.20092432726297 0.068405520908283 0.064686743492206 0.070215089306988 0.26959320105752 0.21903960551598 0.12879507983601 0.22569417240594 0.15794046596323 0.085554124945744 0.065361099204563 0.25498949608678 0.27803495163227 0.207254848285 0.14310488935389
0.23149106298719 0.17810350609226 0.2508076612419 0.19183089097589 0.12524285661224 0.13224219344361 0.07151135903665 0.24447043980082 0.077858359612291 0.11145165948098 0.12346990146382 0.23999762176432 0.20734028057818 0.14789111249567 0.18522591990996 0.093505745138395 0.14049509518201 0.10779506340721 0.28137965610353 0.15669655413624 0.080708269250334 0.064982430776646 0.16204048313243 0.19406482668132 0.22209708124686 0.091057259748423 0.070486132866536 0.099130492005403 0.097943118987116 0.092425825464755 0.092344186673577 0.077429853753469 0.082948513310281 0.10180337057327 0.17020445808929 0.099466802645031 0.098613959218474 0.13443500277592 0.13923931946986 0.22757894952975 0.13195864631928 0.21676910246149 0.074103601122927 0.26589577015445 0.19412383618529 0.10009364311065 0.23781388766378 0.11028938627538 0.081849865680529 0.18697461171613 0.068107708837688 0.091434308428786 0.066702769252782 0.19242944166299 0.16608905220232 0.063323021066431 0.21407043834593 0.072101210629121
0.23426417093242 0.25958592317838 0.16151549678521 0.17235715204986 0.11447182939268 0.23102924349766 0.25789194144195 0.12791042877318 0.15876098195478 0.11069573068271 0.20594482427606 0.10317934059636 0.10349314119183 0.16552101378301 0.14014575101245 0.099053396661078 0.11404938265953 0.16113004314143 0.18366938053355 0.1076432266359 0.1519265968587 0.15526662987876 0.21118194087536 0.11122283717241 0.23569522916511 0.071152374586378 0.1847807883169 0.076597717846967 0.16235895101339 0.08458623708993 0.078823529094615 0.18945446228376 0.11245283861181 0.17623089684082 0.10791516153337 0.25735758531033 0.21101353337798 0.11196939497081 0.14202523871278 0.072313343272742 0.090193392510514 0.21534768600707 0.13072763021545 0.18943744088726 0.15087210255166 0.14399260898474 0.21808446679455 0.12198042952739 0.25473520592812 0.12323287204164 0.10444072263861 0.070108500308172 0.26719557304374 0.28311863708564 0.077453768561611 0.10857993536653 0.25564764315954 0.18783431136336 0.15390197994993
0.26052434025681 0.17317497637978 0.17723713341389 0.24199504076598 0.16269339761099 0.12060984270069 0.23098151630585 0.10902322686224 0.11047277281953 0.066111307078466 0.1141672652682 0.24937242901605 0.21175671064549 0.18002194794257 0.28197423248108 0.10709233467469 0.19321893017763 0.16821959979808 0.25874284954776 0.21614689762702 0.12786656942639 0.096717211068637 0.11617601426202 0.16463041353191 0.19113524858059 0.17898545474329 0.22576641378117 0.11533895266546 0.091777691700827 0.078928159157782 0.08637682249732 0.12983746394603 0.19518745018513 0.064595872793855 0.21945023515737 0.083156104391434 0.16467143574522 0.27322043890872 0.21930926988145 0.15061411694088 0.13071717901517 0.065727181895656 0.099439008218097 0.25817542478063 0.1020786094354 0.065128525164809 0.14949918302545 0.15836357578767 0.17403299401202 0.073131418556042 0.25514526244686 0.078338257655259 0.06998363866719 0.06820781772194 0.099546186701138 0.10337125768483 0.17133766422432 0.11241201468347 0.11812707157494 0.23794174879082
0.06705542062877 0.071554771392892 0.11731931674119 0.12054214385851 0.11436949099613 0.079027538902545 0.22740550212056 0.1533317685913 0.084841574123325 0.16805367569449 0.12160323877559 0.27588700023208 0.071383772001111 0.1648593320766 0.19725125702132 0.10920156107362 0.076593563136507 0.10951535168336 0.16381448151291 0.10955846044958 0.091682202054949 0.078532751354663 0.24751615702408 0.23473609506858 0.072327560921239 0.09454875429143 0.14816534076694 0.079197949753769 0.20163185409045 0.21949951569415 0.091532076618144 0.17110163152295 0.11418915505675 0.084725626319034 0.2452682893874 0.093433072246478 0.087138781496047 0.22147063425611 0.15190998048627 0.20036572812972 0.24456762870578 0.2385292692963 0.064181242288528 0.27523539945909 0.074711347656701 0.11921063361787 0.067289971927654 0.18019005324132 0.20750256351416 0.26079550099786 0.11794946415728 0.071800051717519 0.24204241135369 0.28392774109525 0.26589098727021 0.1013774306199 0.12478643654593 0.17249392414569 0.12784977233007 0.18076293504834 0.19383951095951
0.23696298041116 0.17011127744626 0.13350651202966 0.13305006448384 0.11079360039249 0.21950629259296 0.09599837603392 0.20117246399625 0.08209174979131 0.20215237499019 0.27657556833136 0.26873663476232 0.11172368404321 0.14693154589143 0.25630263674586 0.10243913975488 0.26955184187279 0.2397067599864 0.080245521274799 0.18037264345602 0.11348999826237 0.23791657585313 0.089966574537385 0.11587135244376 0.28218588598526 0.11540989193704 0.06906044255589 0.25053191063378 0.12906722997321 0.16338279467817 0.12361929202663 0.17572395009786 0.22396719640402 0.11726403436138 0.19979818020125 0.27382969186192 0.13114600821301 0.23769402755356 0.065363143970501 0.19086393597844 0.073734823383209 0.18797004993917 0.20634074996193 0.16340698790344 0.21638147085947 0.10449540440809 0.27670201600542 0.188151650924 0.28541205375626 0.16012681240067 0.16925911370241 0.064190788967199 0.19357877619003 0.062747250231284 0.18926884864984 0.086129319039206 0.077118117781871 0.083209776954799 0.1763883708982 0.16502675434789 0.10618310113936 0.21310299107183
0.18779170099598 0.23018558239821 0.19675507001188 0.25162477974266 0.073395350684809 0.15226191351446 0.080461490796873 0.11669465289965 0.12358329294556 0.13357238775402 0.21478278543877 0.17010830037354 0.084390978246544 0.11734513266213 0.22193690568417 0.1047268045051 0.15190052985627 0.26732752611518 0.081599631583434 0.11622766133066 0.076677657201018 0.080972835682534 0.23347019798225 0.14723300245249 0.14328475589315 0.22742308508446 0.13534741689749 0.12591703546451 0.14422658030947 0.067346698085919 0.076828429143355 0.16869519599259 0.069253606393358 0.15733271843907 0.20995230519808 0.10939555688519 0.15363064521386 0.16250400377841 0.09993588272922 0.066697132817617 0.15968665054796 0.14013614271696 0.19175439186566 0.18922434131077 0.072591977270209 0.21593420001115 0.097990341616485 0.099552897953535 0.2103725438724 0.098964176424019 0.082965894105168 0.081153965489415 0.082936065825633 0.098308440641188 0.13858834737376 0.28284661124622 0.25723274687278 0.11310303718524 0.078475000317292 0.15208419231347 0.18011644467751 0.085850635892126 0.24103454001515
0.25394772991018 0.098195547857392 0.099892073408988 0.22246556500828 0.13284104755929 0.19620979573692 0.14804833508186 0.25799774769981 0.21719262870568 0.088911602939321 0.28263630120227 0.095194083372228 0.12369486871301 0.10716153064472 0.10225814164162 0.13790176644769 0.15152224649774 0.12467570102818 0.084322588817885 0.1315194661228 0.089457494577359 0.2062413103024 0.10055109106047 0.12554204079913 0.28188751168588 0.085153071890323 0.1064200380175 0.23654358828976 0.2178982520509 0.2504844905633 0.11871370151036 0.19313473609809 0.15165853413834 0.18081853671426 0.19762356198217 0.1580096097532 0.10183237267398 0.27012287823045 0.11801399210221 0.11815767738552 0.16899520001224 0.26679540574333 0.25880235204387 0.071768194697674 0.19230290416098 0.21748652786293 0.14165056466457 0.12929068970078 0.27019599946433 0.070424628290886 0.10824433220123 0.18714629484968 0.24825131422732 0.19862861087744 0.21138465688355 0.24492870322966 0.21845986180746 0.18915787488255 0.069643591222044 0.097556436163222 0.28142261681009 0.26950308857027 0.080884293251752 0.26016150295759
0.23726669974654 0.15535918355809 0.12675823026303 0.22924853447713 0.091780725840097 0.28444501466759 0.22757170147473 0.11160704467823 0.16065152502632 0.22617939591701 0.17963564375259 0.24845103685703 0.12698808832661 0.14737650159691 0.2736564140345 0.081507308167551 0.15999504524505 0.24841311704497 0.07493288962762 0.27120691515988 0.23140259554135 0.081825511801677 0.13819653310928 0.1210899329181 0.12958039556869 0.19357929432982 0.063936918822538 0.064937046916834 0.22645479076338 0.11829349598899 0.13454208806185 0.074981018550305 0.13790716267101 0.21090236798293 0.2841668758541 0.13000779413633 0.1468957224359 0.074827613398454 0.20740569789808 0.066024729624123 0.23780270564894 0.088217013591504 0.21947831781483 0.15996446554585 0.18411865613503 0.2233912556461 0.13992991773836 0.10116329807044 0.17209436585732 0.24207640851297 0.063907658617184 0.1414186030981 0.20446460946256 0.094420298188413 0.12271636642882 0.23085506032451 0.12690187495069 0.063358164035461 0.1255847974058 0.083674146901568 0.19792677147782 0.17641197428226 0.28246980965831 0.10354245037533 0.27605314525052
0.1834499921282 0.12772599433389 0.24902163430629 0.10932875604539 0.17386785806887 0.16645045583836 0.069549199865772 0.075234203243975 0.11247106577347 0.16755399795816 0.20140783533727 0.15633080574288 0.083714719688317 0.20060297582047 0.22060098527556 0.067147678871317 0.22591078770891 0.23348216949286 0.24822658582711 0.10621427213745 0.072445023744901 0.13010451963253 0.12671265051473 0.16089284958237 0.2335329825377 0.19830213659622 0.1609989164501 0.20654338451225 0.21212382644736 0.10101401333078 0.25279609246137 0.10413259522499 0.092554002273737 0.272392254765 0.1529079897153 0.12631822720214 0.10874850055314 0.084945108872064 0.1590195148187 0.19381341443416 0.079751410198728 0.094635906754979 0.13549683261971 0.2781784444467 0.16958359745001 0.28387845279775 0.10140551495455 0.17229351583366 0.16385622879062 0.22102460939277 0.1477849269833 0.090652862283523 0.17235400535917 0.068073258507691 0.10829799036025 0.094023203759729 0.14891965329907 0.21361678328567 0.20219127519586 0.086101588275055 0.065521211874286 0.10452240641102 0.087826834929689 0.15188352940997 0.087452885652972 0.11391481414423
0.1857966647833 0.27548489481556 0.24992140894216 0.078892741587804 0.14626099021154 0.12843688146235 0.0943383750793 0.13716324238066 0.18789596173431 0.084431865719277 0.22938304786483 0.1199999065786 0.064385315473517 0.12845944753997 0.26905943697965 0.10973901951165 0.13101048998938 0.12113432230579 0.11915572736318 0.082395780946406 0.21287643237195 0.27734872346377 0.10374033039059 0.11041876256222 0.098124165348188 0.10347576808776 0.19998867024738 0.117751771356 0.14626408934555 0.2600287761129 0.19172306459228 0.18583828871778 0.081023922981936 0.13023224856768 0.1541284967859 0.10115409459177 0.063573944028441 0.1581078782141 0.071491356796652 0.14170507720959 0.23629471442419 0.069209641785103 0.17602684559223 0.25946621201961 0.19402501107502 0.25142078590792 0.093147023851592 0.080745887074318 0.066384366760087 0.074910857628914 0.15305419932781 0.19733569592028 0.06900184300956 0.07583256702346 0.084193294877176 0.10435102298268 0.241914182145 0.11248934619591 0.25918307178834 0.066473653990801 0.16854292695188 0.062822543465861 0.18658409650738 0.14238619285609 0.20548143655305 0.10236755250277 0.18465185278524
0.10145337511684 0.075740524089184 0.096589107130192 0.24356010246396 0.25492238882734 0.071059961811451 0.21236900522825 0.27745173819873 0.15750893001265 0.22985759972174 0.1266319970794 0.14214501568854 0.15815335525572 0.27742112632558 0.17688106514063 0.2553843278503 0.081555839666689 0.18253549582135 0.18296080752482 0.26194202727874 0.23903816464598 0.19691456830484 0.16024334512172 0.22706162981836 0.1020160975614 0.16308312307299 0.10644917159 0.19782528248184 0.14764936945704 0.16205649261341 0.19163199083706 0.18172375718352 0.079271613018762 0.13433566123646 0.12732656512726 0.18008830009313 0.11158746549739 0.25641967250774 0.20694730659011 0.26407164193459 0.22884006242112 0.2628962537372 0.16029613749065 0.15103297888219 0.071354988880466 0.264484025478 0.17547594183815 0.26176772708594 0.2468123726378 0.27977226865641 0.23115473210229 0.089334996056418 0.0839918982894 0.23602208783068 0.17419596651633 0.1084378877219 0.13755366218705 0.12589477239238 0.12674124240937 0.1432908487435 0.25758696001043 0.087348325452705 0.26241237199824 0.12690595745025 0.10316272991886 0.17286847304532 0.11953318355437 0.18290393258632
0.11156129444231 0.11513582209346 0.09971451190204 0.11391385610447 0.16200466286707 0.25246804576761 0.27213981791179 0.23219931691233 0.077035758169313 0.12228585251188 0.19715930410876 0.066733980542842 0.12485068905107 0.071248810459503 0.16146653585449 0.068704059079232 0.15400643487943 0.23034303879626 0.19898020229855 0.20099250582544 0.10118911002291 0.070933873529178 0.2830972089097 0.15974784780642 0.12263402921566 0.21012155582167 0.2825337885656 0.13262979263238 0.07895237813911 0.10020412767729 0.14449331429837 0.19229734431769 0.24041964923209 0.13678734551287 0.1364488006954 0.26571896998734 0.20574474378127 0.07587192502844 0.24682390120718 0.28335741633011 0.1160562455138 0.076815489385722 0.26628825283243 0.14849692677396 0.14623578869173 0.17283032954942 0.13865253358971 0.22590249619894 0.23962185371223 0.071630233560359 0.11628488747819 0.10592600569209 0.21779860531007 0.15739416104424 0.1638124871472 0.086917075553266 0.088421515086557 0.06753061602054 0.17214283174927 0.16770260844586 0.15739998041006 0.07598633235749 0.16141506686361 0.24705458954574 0.085662722220016 0.12452552310208 0.14395860752673 0.13226244974088 0.16101355217421
0.28266980240807 0.23828002472953 0.15935059100741 0.15672724626231 0.13560596215204 0.086899168195212 0.16757874513503 0.17672784681208 0.13481791518241 0.24756602049492 0.10686382280652 0.064872829976419 0.23921682051192 0.18976624506477 0.071709814299195 0.1396851645734 0.15717951628559 0.27956585270079 0.19075142560243 0.22866403720249 0.086115906098687 0.12098292096416 0.25404743516419 0.21346337810524 0.15136091455716 0.1372083324699 0.26908203046664 0.25699417066579 0.10751149776455 0.062921052340963 0.11255562259213 0.12883624313287 0.082254399995999 0.18584846783543 0.090017851262416 0.20765392727418 0.13287697407852 0.24185164595476 0.18508839910116 0.068114275578328 0.11937989448018 0.1211505186696 0.19782498939169 0.16052682083303 0.10523215171626 0.1093154390796 0.15382229671561 0.2406075724012 0.23854723992579 0.20956900113132 0.071669756442692 0.24969344517629 0.12720582852589 0.097398773491022 0.28121288930842 0.1448422233463 0.10451636179543 0.13851453350277 0.15082246088488 0.2255137010726 0.096742790276773 0.15338546117629 0.098425155941261 0.1277914505812 0.073410572799711 0.1228055860035 0.13610522246014 0.10798005813306 0.16891435985072 0.17780429265889
0.26029235806624 0.2531691633071 0.12285754538129 0.10972212509273 0.23300765339928 0.26656723465009 0.066091984480876 0.081628795118294 0.074502583175552 0.2764611047803 0.06309648738317 0.18158981203912 0.19091301680946 0.23656799309194 0.24730009578892 0.13596432172224 0.22463749935637 0.091102680250762 0.10828391579414 0.23251149702134 0.14750511232135 0.082574940196148 0.28425914961308 0.18312787348889 0.23744312581917 0.17303761273921 0.12597382286065 0.24271747444839 0.21568616735059 0.09507712847776 0.25470979414874 0.27668931017768 0.2571958505895 0.084547483900427 0.087517660996969 0.14219521643138 0.083647999708542 0.23477924615756 0.2096349342637 0.1080552847106 0.090708138409014 0.15756236598839 0.27340721412924 0.098043433696529 0.10829220660568 0.26214284798868 0.067904863082488 0.26811545847754 0.20623088352718 0.094640138440822 0.27688872912592 0.06378492760945 0.10185053537246 0.10931920257587 0.15468540375126 0.21855342851905 0.078361920003036 0.095284175485016 0.086411473242134 0.091901571749961 0.16298520917223 0.1116253997113 0.23544822476618 0.13045385836105 0.26718972976715 0.073567033152759 0.068678836774824 0.23290915499223 0.24163529326667 0.085328874525608 0.22652802285318
0.13521323149412 0.11123932428887 0.097374396014552 0.23672510840577 0.20212592462286 0.20459913399801 0.26777275613916 0.10045866095764 0.063069987350167 0.066582910816512 0.24229496120987 0.20900050659901 0.11419211619138 0.077905537461294 0.091813025901956 0.10009395716351 0.11689793019384 0.092764069649219 0.16054658375071 0.2669361236464 0.07490868830006 0.18773905944501 0.088501070157312 0.18180699255655 0.2697968364564 0.1485191141872 0.094466821669363 0.079389529943585 0.1292225117636 0.24759186728737 0.23767212779935 0.22028056902558 0.26684886571258 0.082410977365444 0.11482878160471 0.26351607113609 0.079901449705459 0.22804682521619 0.23783877926598 0.082531663162859 0.064617761772247 0.13590568730096 0.26506269362857 0.069217282771603 0.24922584395419 0.25746580045318 0.08407201981174 0.1495423599783 0.063142875888406 0.27491246601895 0.08210669108098 0.072850456532886 0.069477080742072 0.11076245359619 0.084340666658604 0.14844998711685 0.10449499822121 0.18441638774276 0.2718608587877 0.19602137888005 0.20311218089683 0.12810762419588 0.15647461733158 0.078763783991693 0.27530054716807 0.23036652615413 0.077995340279416 0.18039158008578 0.088646172761428 0.075819822384547 0.072661817773539 0.25400052802262
0.089433316936112 0.092277989890849 0.2275255920465 0.11604631991252 0.19553828294655 0.20446019574123 0.20022607891608 0.098505630392434 0.12321493605893 0.10700312653416 0.099913076331599 0.17893297847273 0.13028765170416 0.20724267793579 0.2379742397639 0.20946751043483 0.074808785935311 0.22889786649383 0.28071458947901 0.070365184377264 0.066177620505987 0.12205129884562 0.21985989343547 0.10736340320421 0.087445486110158 0.20778671436191 0.25547816339774 0.06998987277013 0.11379377599081 0.2853810146799 0.19118660301277 0.094488505314227 0.11622536831946 0.27083295418338 0.074239842435244 0.20725852386792 0.063054834271245 0.15896126160074 0.091536991819627 0.25795677312248 0.223360856112 0.2654814494941 0.066785097722057 0.17546369497716 0.081562192564171 0.22206184364619 0.17303629117845 0.28172923519145 0.094470953818577 0.18544869880819 0.2244902989376 0.23488952260413 0.14028631441488 0.28441687214019 0.16090521237049 0.25005463339963 0.24914488508786 0.12279105345347 0.14297979736597 0.070910248008953 0.19014522254631 0.065024540723176 0.23515676922556 0.066342941491741 0.083563952885798 0.11657689633432 0.068110634929611 0.16232388419856 0.1794722219041 0.14950838825771 0.063540971162368 0.063448501246603 0.10953053426097
0.11065777973091 0.12828712995026 0.10767014028434 0.21379217522439 0.090915765221977 0.26580983574874 0.18605540178184 0.19365204228946 0.27699462203549 0.095047504715806 0.21086680632885 0.071597805839734 0.19757922783764 0.16801055293496 0.06587290315925 0.23143495170759 0.10077345373653 0.11257203351064 0.27185318920899 0.12004404352839 0.17703906390791 0.078672662881769 0.13600453411206 0.16985969647568 0.18022693921021 0.23845159881331 0.10669632691039 0.27311271313273 0.21952926881531 0.082568166892542 0.18165655612435 0.21258543353516 0.10586196506064 0.0963497755375 0.10296211621824 0.20036696872124 0.15274559841707 0.066367368261981 0.20524200584157 0.12750193762419 0.083160619973138 0.097295703836789 0.064650902555207 0.1581212080444 0.15550205596717 0.086053048326636 0.23478480420334 0.27765016676657 0.085350897406794 0.19278259271461 0.27217063766854 0.09606714913965 0.13271910376981 0.075108346382716 0.082850828495896 0.15960367724831 0.20201109369359 0.10593564157397 0.28331289102227 0.11726652320743 0.077987274381303 0.26876433744608 0.25995234013077 0.2000895287239 0.085490485336694 0.069857283925253 0.26094607832854 0.24472456238297 0.12484119841475 0.069856714593367 0.14690179965672 0.22493726728427 0.2273613488487 0.095139130505305
0.17310283263857 0.18190838953085 0.066200038442779 0.238639038434 0.10660431084027 0.16985269561384 0.10214392524511 0.068084526408108 0.18300406641795 0.27185586239293 0.2364693200731 0.10843616924022 0.072314589365676 0.085614365254627 0.10509151990799 0.089809471154946 0.22891145811501 0.11177333437846 0.086335429226292 0.12451825453412 0.25935942524629 0.23089563756718 0.22253651759504 0.20113696957096 0.16439939028024 0.086431781063532 0.080651067480374 0.065765767328904 0.085600925889564 0.20663822806487 0.26073824139013 0.090506146283033 0.22368690586092 0.091046932929525 0.23078359912124 0.27493557287669 0.17897900245477 0.18141849590244 0.078259406289482 0.198257833535 0.13076909240184 0.14202472218001 0.097341346141006 0.13009045505062 0.19930525214662 0.064885553183315 0.17026434974729 0.066621076917974 0.21761906945144 0.084829001185045 0.10105373090725 0.24452301966474 0.23514420444238 0.067053256565915 0.10599124491912 0.27305061852699 0.11394512008113 0.074055335844409 0.24506463973161 0.15171486698919 0.098679009371582 0.076316911522935 0.14838073122796 0.069403266513397 0.14067525331734 0.27870282110699 0.22704933263145 0.10079885743378 0.082684339028922 0.076377276049477 0.2411584059893 0.21021934119908 0.12605905263884 0.15040179426664 0.18655893830178
0.085490329123341 0.18364250042114 0.085594575638132 0.13758954725691 0.16702077778526 0.09308092636132 0.17697564847054 0.063476594809562 0.064131730891501 0.20846366486373 0.27044468466577 0.27735469831407 0.22957472148087 0.21463289534158 0.27941557664499 0.10117526647999 0.12087022564035 0.085744385660365 0.2018688819367 0.098103346775586 0.20921960207738 0.2360722283875 0.27429020597526 0.1376557452442 0.21821724938322 0.18850573872281 0.24208727903248 0.25973864433614 0.24356100036567 0.24960829331743 0.27045664355821 0.21306164633206 0.27538624546519 0.094301793725661 0.18989939149365 0.11378721903678 0.28523768472398 0.2554446233986 0.085518440018829 0.078530513582687 0.091036193155805 0.11821517954409 0.25203429852244 0.10280725965452 0.26557924101579 0.11664413783015 0.28306847828057 0.16882534542987 0.071694644009513 0.24386624249209 0.063353769506388 0.13723871828727 0.19680056758921 0.17822205564532 0.17105353064966 0.10552479444481 0.093652697086709 0.20343753712837 0.16366103888949 0.2064427699386 0.1221208961658 0.13351375800499 0.11755814734779 0.13494525271584 0.15884854234494 0.094181860954409 0.12245936237712 0.12376869166079 0.22044906786724 0.22459783773392 0.15695528020194 0.2044969400349 0.17441986338176 0.12384493086438 0.1063605071065 0.079534000009288
0.19576894318397 0.17028185867316 0.20020116001328 0.13746667198879 0.21263527447094 0.2255315580944 0.13413505219219 0.19216863167939 0.27448369015196 0.069981424170816 0.10300900451446 0.209613263048 0.21432002312919 0.20781547028992 0.14735593629165 0.18511840922454 0.1685287168648 0.12024498931298 0.086649980587968 0.10488608064581 0.16882093728957 0.20715182381046 0.15729505993656 0.078051960324563 0.076594290657167 0.069543825201012 0.10868381557846 0.069974025670229 0.13482863779225 0.0785888626333 0.26390200041488 0.12856464754041 0.072798050724954 0.15952744171116 0.17929185983831 0.10408121398375 0.17143987940471 0.14825987946046 0.13534508500864 0.11310366702996 0.087217445497188 0.067453484316977 0.086202790231011 0.25280852089643 0.23315198249799 0.27671410000706 0.11738154882104 0.20241289749113 0.16954798816603 0.085698516417525 0.13298629548212 0.13541245905695 0.19352544494203 0.12629862117585 0.21026062686622 0.15660331851284 0.079414384360788 0.19222767984405 0.15230910457791 0.27297872244983 0.090357952477129 0.091088355570289 0.14745868351872 0.092360983442649 0.12492972108032 0.10986606155384 0.15363200000751 0.065252645469686 0.23703171729875 0.18252747602409 0.11555146479616 0.19725408048633 0.26037601648376 0.080667435756451 0.094485788240793 0.15632217555219 0.079904863795877
0.067616580074344 0.063625546539832 0.13897036860696 0.12532317862077 0.16826992239202 0.21446302375183 0.095106356060578 0.2333526176327 0.088551907007427 0.19959318914369 0.19663217624502 0.28390133166393 0.13254081317525 0.11794645346761 0.075054499865441 0.07232983439353 0.21382882971639 0.075464407085599 0.19865357153086 0.19309482600222 0.092710222841319 0.25878377796829 0.12470227515706 0.21106088611074 0.15519623265373 0.19708079268103 0.11628500084148 0.21587492315863 0.12699149912067 0.2364285971586 0.068715242515859 0.26521395917762 0.28416354776853 0.1261031109186 0.093494271670384 0.15290282139776 0.10523005670843 0.21803760214958 0.23440318763 0.15686764921427 0.21287957093659 0.16338414918649 0.074380986742775 0.093067659568597 0.10341678822162 0.26000617011701 0.10981655690353 0.066372441032735 0.1070632359989 0.10052860798413 0.18700011285219 0.15626490595118 0.21842579504145 0.065686011715449 0.15049709776405 0.099737739385871 0.093089362885739 0.13987782471952 0.24945477304866 0.088730889401719 0.091359811652635 0.11084150798512 0.076461171598673 0.098607566691624 0.15789907418603 0.085504033223244 0.15326191931887 0.26353819534462 0.13791762457935 0.277457766096 0.26112017672561 0.22335794819853 0.080819555465045 0.13503933275674 0.14953340471588 0.082037231735487 0.077285396874817 0.080762770247391
0.10565831551346 0.18045472500329 0.21841013903687 0.077695923393013 0.12501992649151 0.063908189756791 0.206302189877 0.27239283624511 0.16061701461426 0.23829273215604 0.20763373017424 0.27346790284601 0.15964445334566 0.22468204663342 0.092227366474192 0.1464170500501 0.15021519149432 0.19865572264226 0.27391962888453 0.09694869488542 0.11000214877924 0.076393517627644 0.11998719263329 0.11390620237825 0.1104135399193 0.15052135237852 0.15765541378117 0.073328611876894 0.2457185597954 0.069507150233741 0.087992712798257 0.10736475277643 0.13077930215784 0.12125016967717 0.070735272009958 0.10894144936007 0.11643315475547 0.11754533162272 0.074479428377659 0.20178752631322 0.27883261110064 0.095621850701134 0.10703051904981 0.27378768510727 0.15166187261058 0.10372934009699 0.23298542227046 0.24512762611452 0.085564215205694 0.10717194421547 0.21883652053762 0.076778496222675 0.11477944264984 0.15803413255256 0.20569395776201 0.11868907764478 0.24551384527891 0.1997939905374 0.085937149996366 0.22116795753784 0.10284031596913 0.16126681568812 0.09390158969613 0.21792347907106 0.21911047131603 0.11040825541936 0.075714475152929 0.10995298132953 0.26236836828577 0.24759656614122 0.22023969656385 0.10297638666012 0.22278439598243 0.17931527861633 0.11731938680024 0.091661942238653 0.19345026029963 0.20736368311192 0.092977488029895
0.096204967986433 0.15587215152362 0.070739836420477 0.10868338274589 0.2331090870609 0.19464975252008 0.10294840678958 0.12357871881017 0.10882498171519 0.23683785001704 0.25606101254187 0.070041692288477 0.25145520395484 0.27219018987542 0.12176683261978 0.23615552992882 0.22318010690436 0.18572470632642 0.099795533956948 0.1737512789701 0.21759154196165 0.13163902999038 0.24883153055512 0.20568771831386 0.19944711668258 0.15431834175569 0.27122340250436 0.092832182228738 0.21045270330371 0.12400708484199 0.21732606415133 0.10457706753142 0.1715391399567 0.24352527118671 0.11996504994511 0.10098334190472 0.067807178375223 0.1326394776734 0.18848131221225 0.12225149204697 0.13207165589141 0.24336086770196 0.22508851337816 0.10773267474275 0.064837354323288 0.23268279261742 0.13775748177608 0.19353457276522 0.19262416576044 0.20245867367376 0.1311321299784 0.08820720759439 0.24995511882765 0.16540847896336 0.28142742627123 0.080768338077791 0.073440407390628 0.13229290170937 0.10571600349878 0.091469351057913 0.13366659737057 0.27933460264147 0.11048221848448 0.064290904592281 0.12314753747059 0.26044409704879 0.088895920750634 0.1113024223574 0.16304848204097 0.20648048323057 0.26158937084361 0.28186996418967 0.14191283102379 0.25094764995737 0.11539966775916 0.079183258093262 0.24409625595885 0.071437821848855 0.12092609795223 0.13463801809585
0.28333633691105 0.20185140193909 0.16551870698447 0.14957425645632 0.18500514416307 0.08202567496651 0.11317955600672 0.11392318785814 0.11252408446499 0.26670469588021 0.15443860509248 0.10838439551002 0.13057744790455 0.093679307909253 0.13853781146067 0.19116932658336 0.13993234926597 0.13175094473071 0.12548154393791 0.27626975269553 0.073500674762403 0.10704932421152 0.23705983650742 0.14718429859914 0.21670786101052 0.24129830302121 0.12118376593589 0.072949192667309 0.12552553022475 0.090914990523049 0.090853005367983 0.21517971925017 0.15024083184562 0.27175608295539 0.10683362840683 0.06816325123842 0.066749767386445 0.22525111331127 0.15082566703682 0.095586629144426 0.27222556544806 0.27004453830016 0.095097471096357 0.19231107432229 0.083318082890693 0.17743654610265 0.24552589970706 0.083671551146172 0.25377517624879 0.094131876869667 0.14353160564886 0.17260428017702 0.11200393569347 0.23401224345194 0.1497853361594 0.092074643846312 0.076035465498678 0.11560605890737 0.086692090643156 0.12212908855258 0.25890868969884 0.13548103341648 0.070789276805299 0.15307443014323 0.1632453899914 0.11174478170815 0.15085900631434 0.095953535024349 0.12323476032849 0.078345641514445 0.10396016031364 0.28024878671081 0.21791059481268 0.13218411610125 0.23490287518685 0.070864517725131 0.1037416581132 0.083472518812835 0.2760919122994 0.2270504282904 0.11250911559325
0.073650149540265 0.093913559008712 0.088929290730747 0.11243592461496 0.14207158193493 0.10303479206281 0.083806835969605 0.13589161429021 0.19104003069202 0.10239806044836 0.12355549276979 0.11840304688523 0.17621601130505 0.19579537776434 0.20452948058481 0.22462042601231 0.097510895466228 0.24880430955703 0.08268208630445 0.23503336423377 0.20021929858229 0.22036676389504 0.14738567835318 0.27239503781806 0.064761643895081 0.097233755606537 0.24736946830918 0.096761325187994 0.11251493214831 0.13522390879837 0.15065247842724 0.12707288230435 0.25914878842546 0.069769805687357 0.1756779162135 0.1038841740873 0.14813955243912 0.10341407658826 0.24614588672528 0.07476545186369 0.26851832118936 0.22391606269788 0.10333763691588 0.26516113859952 0.20650114114466 0.13846813259166 0.26430599809582 0.11534058316546 0.18555537469796 0.10671264075781 0.22906827769259 0.077688604426592 0.12229917670189 0.082866747113559 0.07747670594787 0.21300639005515 0.2620937453098 0.072445778457937 0.20325276942162 0.07403065321789 0.07640574523141 0.16062386522399 0.24232610335128 0.1479265982143 0.18433548413191 0.12363073759315 0.063245130963151 0.14697117574117 0.21503437879684 0.27533972597169 0.28054200855275 0.127674089201 0.27574006601757 0.18524555394547 0.080529260948213 0.27853309245649 0.28005454765904 0.17112151159804 0.15735423876249 0.10281782195433 0.1987498934019 0.19832931893422
0.2354720657029 0.14564715519599 0.25117684251693 0.07147239236273 0.12464831567001 0.24704704435171 0.15018276959958 0.21123395968609 0.12869942294675 0.19402140771213 0.080360390878459 0.26552829366346 0.23255021244705 0.18987337697748 0.12774302081971 0.10822093395458 0.066823726515117 0.083870858353809 0.18832253143707 0.24809842900439 0.22877305405499 0.089595352823518 0.21799799875224 0.19832198944069 0.13964465236111 0.261134258831 0.13318102240934 0.13072611834875 0.12006936879817 0.20465967921061 0.071918207762032 0.068275256317956 0.17590845555643 0.18395221494559 0.22109218300474 0.11844985787926 0.14448702378217 0.15118876228829 0.11871697570489 0.18190973734809 0.21543381900972 0.071142993594266 0.14542599906605 0.28208578895965 0.12135557065077 0.26354269717325 0.24624967569349 0.28127709341553 0.15554414238001 0.17892852842321 0.16909895092874 0.15033152890676 0.20659508427557 0.23705687898259 0.087069575970122 0.23552594779334 0.13720812961817 0.1374553598926 0.10767713599023 0.17706261975328 0.28158488896091 0.2120436360947 0.27624392513076 0.062944615777473 0.076562254662373 0.13981527712274 0.18205513997799 0.16678341532332 0.14798154375823 0.06700253893494 0.20136752549218 0.28382427488819 0.11880733871015 0.26998061475108 0.25699335273241 0.20982961185859 0.15898771343352 0.18885937092927 0.071823606773181 0.21245176876319 0.14751044542275 0.19055399771799 0.13337070757065
0.26111199996144 0.17427351484493 0.23825434460096 0.064542790302977 0.1607019216926 0.17757940154788 0.17200288507106 0.11388268316337 0.12765369916242 0.15559636708438 0.11950434848614 0.11573700391023 0.1812789890273 0.16480238368763 0.24463551384844 0.13466198154968 0.20459238646457 0.11723028994843 0.13388267175217 0.17396946058448 0.23978822938183 0.072749672615116 0.18930465593977 0.19527468983379 0.11756628625883 0.25935864735034 0.084418248486446 0.23387221936531 0.15895754311849 0.065961614146866 0.086645522450462 0.16679968490314 0.066670479711913 0.076201188778579 0.25564719876201 0.19230588484279 0.1735182600928 0.078998241919991 0.22327640613541 0.27370645020209 0.084528622558804 0.11892624733083 0.18227311376402 0.20215851040633 0.073692734937583 0.1524366175162 0.069770599054597 0.21912391507628 0.070110132583439 0.19759326068848 0.13938446562106 0.11419802881469 0.08042709653551 0.12132023217107 0.21734813101082 0.1755715745812 0.21300837565856 0.28164760256195 0.12022680386755 0.16609345755741 0.10257271642218 0.080054517307201 0.13704178464636 0.24578744003334 0.10183438795675 0.18333125763115 0.24700266893893 0.12569047223444 0.27004479424942 0.19172462880387 0.23899244642102 0.19877345801683 0.09328885056268 0.10276286220028 0.079352080078846 0.20216924524748 0.12322049653437 0.27094216987726 0.086884332248221 0.10556457068869 0.11691268427317 0.083900415919624 0.088279817630066 0.10344125829489
0.1293735834192 0.13520062819174 0.21801985952591 0.16896868183277 0.24891430583014 0.080394491771011 0.081262909879191 0.070081091524989 0.071792045403582 0.069438008857569 0.17347844047432 0.13346747127609 0.11294156251125 0.094577156055071 0.27734800899 0.10437740057898 0.25115950815773 0.16960739057514 0.25156335288277 0.12254002159089 0.075264597770633 0.087584164291616 0.096976476388296 0.28459440717053 0.091015751423648 0.24257319241838 0.28316612700229 0.2051210084419 0.15458361441524 0.14420693750667 0.21041216972746 0.18983778620443 0.11226500209039 0.21036249527593 0.21272868974188 0.27271098587403 0.14458052457567 0.23537369301135 0.1965356094352 0.15926388888072 0.086581659396403 0.10496897952022 0.098040319670321 0.080823542347464 0.21401169105082 0.08545081405544 0.22003262930675 0.11785474218401 0.089408349752329 0.080157045118304 0.23763486976507 0.12237114782634 0.21771905539337 0.069910138345229 0.077666422537922 0.24494006839338 0.2792373706513 0.10363824519943 0.10123675271123 0.11976174732141 0.18059555366642 0.21851010356131 0.18866695018608 0.22091350092697 0.1486537077609 0.077929997336718 0.27109243084844 0.24657411866052 0.066343742143892 0.14184718424386 0.19079086835426 0.072310145886659 0.094944922408683 0.27770133199426 0.08455757178098 0.18966728876405 0.24963423690154 0.063768309337731 0.10030779946103 0.17590057757994 0.14360789789498 0.11952906004053 0.15067227303507 0.25282688247405 0.10346549785561
0.066104967654703 0.12818131497427 0.06670331838539 0.1081068734783 0.18156507871791 0.22050086186034 0.22615078967869 0.24139643881762 0.10743471870513 0.23290513892274 0.078739604919993 0.21588301056981 0.075756860441347 0.2839523540084 0.11372620131277 0.15334572991556 0.12080198713691 0.18734452661125 0.097704214451151 0.095576773492376 0.1484500988086 0.2723782219184 0.24201485636578 0.079360944525856 0.087385775515522 0.1096699568049 0.17180333787709 0.16739342662669 0.18127902528323 0.081224939642 0.24829486574875 0.090822587832571 0.10108589026008 0.1989217215236 0.24541420362527 0.13711606566759 0.13765527519105 0.21146059564672 0.078055857528805 0.064135338737414 0.087205128583515 0.15309590488586 0.14537412836185 0.065030879477691 0.27915628227373 0.17036071421165 0.073747652127577 0.26427580941575 0.079989560819136 0.26611326367424 0.22919425021795 0.099951664735447 0.14392266050091 0.08270630795107 0.10318548986838 0.098718968469283 0.074464158002761 0.065350033449034 0.26699138180191 0.062757159283908 0.26038485851236 0.21977208212673 0.23627334251072 0.19834551537805 0.14865044395081 0.27617260104668 0.20775906476881 0.24064345440972 0.17341822207127 0.13721265991698 0.082197588256149 0.23075935753945 0.19658201542991 0.14589941306454 0.25148858746231 0.18474534252898 0.12226532052255 0.26388006979085 0.19901104755107 0.087742366070595 0.26694524191195 0.15223908908889 0.092640621651934 0.26993689658413 0.25556928437444 0.21715707054437
0.1144717683819 0.20687018920478 0.24534213238832 0.070412318510465 0.10180224683478 0.12156566657006 0.18121208286968 0.19464479393139 0.083187156019813 0.064980302660399 0.2269140764961 0.071935169572781 0.26134133939005 0.23956578722394 0.11394126114305 0.085185581716398 0.23746006143463 0.099017042863634 0.17346428607075 0.27401457271833 0.092908306352794 0.096436319384542 0.10414681708684 0.13122893664982 0.22533915735563 0.067945129770186 0.094706944628662 0.2571936878593 0.22191535021554 0.10331695107344 0.070699055291597 0.1578738814111 0.19165907559116 0.20795393506765 0.13915814090866 0.19321108424537 0.10790850217 0.13128860811571 0.15155754176279 0.080436150127978 0.2444450638059 0.25044289413132 0.076813563206102 0.068796844076224 0.07834881443574 0.11672635647965 0.14047341680811 0.13478064256781 0.26154415835266 0.13493973799966 0.26071185533227 0.13767045840309 0.20125636390341 0.1303192329968 0.11406017820654 0.10093582098498 0.063528510202056 0.14272450703731 0.12423238005066 0.092882447163683 0.11550177905254 0.13226529681276 0.14669794156058 0.13384282977426 0.25008547424849 0.1015041277918 0.19808977801001 0.27449318594188 0.095562864273226 0.16870918138725 0.14051577635443 0.086342514859897 0.1383907692394 0.18881999369651 0.14770488746379 0.066227265212877 0.26686967866408 0.15168824194533 0.064886687912506 0.12676462331386 0.11422365866759 0.076950511552728 0.078726654943482 0.23796156675233 0.17404434032444 0.11348605423883 0.15926311091961
0.093652696774945 0.11275684892718 0.11711473883435 0.068874041331789 0.070838143131728 0.095707116051611 0.17004387381316 0.067587426482302 0.26404752284073 0.07517049250958 0.090636495961945 0.092162787936147 0.17100167115218 0.079423161910371 0.093912542972852 0.23215112221971 0.23186467175607 0.086137876013289 0.085097735147907 0.26248449792065 0.24687860831938 0.074747132907968 0.092788058770898 0.15287669388994 0.089687211451788 0.085336338089128 0.19888544340974 0.24103362688216 0.27139005060259 0.23859080496138 0.19020836983468 0.26626240808772 0.06251153627625 0.19370226255705 0.089363047836077 0.067884260820028 0.20540890950359 0.17522516259313 0.075799290018517 0.18782952240024 0.11787325653482 0.19782447525709 0.26788721861155 0.19063838852198 0.11214793526284 0.15934680765661 0.23540545965931 0.085750064786431 0.17743380473269 0.079326192175189 0.087262896111085 0.2492876552863 0.13537278270611 0.23121870529803 0.10245487979784 0.099666344531418 0.069909612535049 0.18471017557814 0.19650215611566 0.12047899202462 0.078076779259261 0.092406279421815 0.09193539719313 0.11779584634806 0.091190728662063 0.19708305961265 0.096354717355869 0.20794699115663 0.21825405345933 0.078847576441391 0.084963687816158 0.063918125054567 0.1456948764854 0.089577384031957 0.099512729626658 0.078181538615222 0.2223852475496 0.24022864399842 0.10104220043724 0.24158703072294 0.20001621341345 0.2073274562455 0.24477361739254 0.063316982831167 0.19168901452553 0.10295613404606 0.090223587378868 0.11743595841003
0.1078204550956 0.27617744304901 0.19019003422825 0.17404860090593 0.08855413122683 0.26991089679569 0.11100489907897 0.099285670655335 0.11140319941676 0.075195569851552 0.27744396278265 0.068073449621608 0.14613710675671 0.14349422605072 0.088933337261056 0.090298853823315 0.10541476008431 0.098408946766954 0.1399588577168 0.15433106012918 0.070976063732603 0.097871321429278 0.089420747634153 0.15845871026645 0.19530373823311 0.1334001526867 0.21277691042042 0.12030429093918 0.16046122009626 0.15386562479414 0.067216114492174 0.068657634672174 0.20336345586085 0.098727414844634 0.28058676929473 0.087695876150934 0.26096403974301 0.091973051132223 0.18891658952231 0.10106488071297 0.13843253728755 0.23433274815441 0.14957389555279 0.07245659447791 0.065011222798035 0.11912305080468 0.25828505053196 0.28377585969387 0.10872913958349 0.12654902828446 0.21341069983593 0.17965354642867 0.09913546684526 0.19383175708475 0.20274364801289 0.09643656989599 0.084317364403003 0.097260224215148 0.21266618557367 0.072644793771347 0.075487202518126 0.11563125665945 0.20283094538511 0.063663524511017 0.17822171066205 0.17731402031025 0.11288261948927 0.10928230056304 0.27373565908595 0.27680677570465 0.06319428723929 0.25840381059899 0.23727400663968 0.2227054075584 0.25007895032004 0.27302484724622 0.22394160051677 0.077015490019838 0.13812850726318 0.2056664601386 0.2235191504981 0.11063326457182 0.081135205266184 0.067933322619267 0.16538984281961 0.085895490175393 0.24054634898593 0.2242089220786 0.1359748194553
0.1842976901576 0.08844150588968 0.097167523859495 0.18872288390138 0.26059800011761 0.13819573913871 0.26042141627191 0.096701664629787 0.23734511460162 0.27820436706098 0.12055606690894 0.19366376695765 0.073513688110502 0.27459170715446 0.15776931391809 0.2338185605487 0.158445242143 0.14197810151267 0.13047142852308 0.25710839014679 0.071118592049672 0.095581045688403 0.16001774857583 0.22748523367376 0.15524559534888 0.20684986939098 0.065069678348929 0.20151484046181 0.11219616650313 0.23216201393456 0.21012725011843 0.2099517416766 0.18334458657621 0.22862414962633 0.1778854954663 0.083479693141611 0.18686704549719 0.22336408508097 0.27246362289196 0.18763828639061 0.22687212173334 0.097526607078023 0.10521681985053 0.20789904435773 0.18849738228359 0.093267066370846 0.17630271038425 0.070828863623506 0.080457929902903 0.1855725755419 0.082853139564235 0.25382320725139 0.15012796907427 0.096941034304006 0.22298197286775 0.14207983751024 0.074781717331576 0.084511076664682 0.11497403822757 0.14098023615214 0.19890914561107 0.064156681636941 0.10162166083617 0.093326503389132 0.16927649156527 0.12287592802612 0.21306822352476 0.07002725099993 0.2610952704578 0.10455448366589 0.092729061041933 0.093409481494605 0.27861388494257 0.12410010234754 0.19502106779914 0.16114039538474 0.067235508222511 0.10916759543542 0.1150881970749 0.25023618024974 0.22242992136574 0.18551168250923 0.071505653882245 0.086133304249585 0.078184544530058 0.2849954513663 0.2729553604656 0.20252055759679 0.14254186663528 0.12340316293012
0.17610769421478 0.19246385461623 0.083987474527915 0.23974587102495 0.19691869531297 0.087304501417873 0.16302577200567 0.14414410300622 0.23938102791364 0.14704439247646 0.11085547451711 0.070212603784188 0.1438659425637 0.22626690991218 0.1562627213462 0.16298895830403 0.089501269854688 0.2474957772275 0.093483070303577 0.19732314365398 0.1162112273215 0.17330326206913 0.16744191558087 0.17096349132071 0.08033693691361 0.075870134303426 0.17904341589298 0.2807803628217 0.22539529591135 0.23334260083362 0.15457771040183 0.20376782463165 0.10976320732089 0.18526884044487 0.07827408806249 0.063359190783495 0.25277303543285 0.17074062625833 0.074831407452725 0.24399710076486 0.16601297836479 0.24983586925701 0.28471936086806 0.13732136217547 0.13246665500669 0.12680788837589 0.069071695887521 0.17588514996182 0.19551364577393 0.2491760691076 0.2611872615328 0.065520585029399 0.20331383781292 0.24385522593529 0.22328826375358 0.10220407053425 0.16620564219511 0.27491058263737 0.06957794923125 0.08164915534501 0.066528490061668 0.15596787804627 0.074466675778857 0.18675060080104 0.140438978497 0.27757295657954 0.19990933689915 0.2002460257132 0.16641587620008 0.12749733595066 0.22466424941061 0.20436854837342 0.14436601425156 0.1056990736583 0.23322805554451 0.2709204647362 0.13256633901231 0.17874679548748 0.15584748882351 0.16435148117935 0.28083177973503 0.22902188101684 0.073615436954597 0.24374875637049 0.27097310374218 0.19985544511412 0.07829245256116 0.083517242103686 0.11510750951776 0.12746539625512 0.07031185818813
0.21439248223367 0.17150882681351 0.17685495215093 0.24843459015169 0.14289449850863 0.19724436181214 0.26192542711497 0.09850517393144 0.10760351173305 0.10530884663849 0.080628231550776 0.14545015575608 0.13792707298173 0.15999230206755 0.19982353150732 0.23804383952509 0.084320425831922 0.15703550331876 0.20599370353346 0.11687112820893 0.10760209671068 0.26891032086536 0.12210909014082 0.12934746136495 0.12334673561727 0.1320561151515 0.14993299289453 0.087036098401625 0.10244258338435 0.10401545595888 0.25437550254913 0.2787854455329 0.094525419573124 0.066974260997619 0.1009623316081 0.24972494740397 0.24252525737318 0.063284222832107 0.077214946023192 0.16449961820239 0.064923983571527 0.072667319243163 0.26190146086779 0.10448291160206 0.063743501654218 0.10347589188897 0.069014609087179 0.098569719248407 0.072367673118959 0.17828733229444 0.18612789416113 0.15058785454264 0.19115529571979 0.087325323213501 0.13567483271052 0.16489875229898 0.11326621314992 0.077429309888104 0.24890513461499 0.11772285962734 0.074044739124174 0.26488859893594 0.10230819711158 0.097782099584701 0.15710325057172 0.28307586600876 0.11408011157661 0.23571001786652 0.18894692131306 0.11565260940646 0.25476799876374 0.11924240920157 0.07315908142773 0.15980306796007 0.19450384034455 0.13046724474956 0.17545352714225 0.084588934353525 0.22532810659455 0.1125758821462 0.21971552245116 0.066224849878203 0.12315240485336 0.068042543448587 0.074385181363342 0.068690242981121 0.1799086927126 0.096047671932804 0.23235051664066 0.069737100163119 0.16508689693371 0.11070499126799
0.28289952574426 0.26239280778571 0.19705676817365 0.21832962812982 0.27984347216514 0.15968050907349 0.28362315196197 0.10353580208652 0.13258856202941 0.14949113251213 0.10367051510906 0.20799457949175 0.13684934305678 0.068169040786339 0.094529618360808 0.077070817490174 0.12806687942629 0.22056490061551 0.096436957990795 0.09057030288214 0.27781747129543 0.091973444377574 0.070872473814255 0.10423088519652 0.23762799420727 0.1617982429048 0.082166073708925 0.087777892411039 0.10184912025341 0.099584303245734 0.16008846881882 0.17360922346573 0.23271303081454 0.20207704309605 0.091125304978333 0.25351107871563 0.22184187116457 0.10112344374924 0.09821073365777 0.11267483418672 0.094290584418331 0.16759439258248 0.10694699475569 0.072886140912337 0.072446479022223 0.11667143327937 0.23648778218197 0.12690185970377 0.26677413148325 0.22179241414697 0.090487024822521 0.10129336270699 0.069344040759218 0.07050544637402 0.25153265007242 0.088745208125652 0.12690948940656 0.2792734250842 0.090360966603514 0.16454317911174 0.27785488137881 0.20627150808581 0.064947617743809 0.18001536070576 0.21800270949953 0.14985793354591 0.064409423309261 0.12407026606167 0.16842675020863 0.20945418199515 0.23066003641697 0.24750810910898 0.21674279682554 0.24532785182543 0.16336548668072 0.14254116942303 0.13077713455081 0.068270083157619 0.11199342550627 0.15876131434451 0.085796822375549 0.090821331468164 0.26985443626461 0.24889038293818 0.12313149648825 0.09185379815449 0.075557640901011 0.067974571872949 0.071805407170584 0.08574438668638 0.21604997987623 0.074559935332221 0.17041561543146
0.19686608548147 0.13308225857348 0.21527941969363 0.06948610633359 0.096438518572168 0.17326856749454 0.081499944123442 0.16021438171186 0.099444707276078 0.13605592116092 0.26080348676753 0.18433010554319 0.27911953620772 0.23707829116349 0.13995769992246 0.11894417964655 0.075759583716599 0.21007681435042 0.25330533588275 0.21589198990544 0.24576574340725 0.09074839273096 0.20721998737278 0.12601586884614 0.2451698840791 0.14646367032244 0.15810725873863 0.15820983438867 0.077264029050965 0.12824793656791 0.10218455631039 0.10928810961737 0.22161421006258 0.23252466470786 0.19149400487376 0.20278894249015 0.1602027341316 0.21950233555252 0.082954525283236 0.082055774647632 0.1527856875534 0.15322860174372 0.18379191534213 0.086625663461739 0.13389565633028 0.25394701809811 0.10809794778116 0.064102036441786 0.18847010593902 0.12272647553026 0.086103177101447 0.14761420681279 0.084156438979078 0.2035639904969 0.12790185706262 0.073398462523892 0.069142274457231 0.17035690038144 0.17978820763441 0.092431625204326 0.10379684324033 0.21086421118058 0.11119449374746 0.11792610996805 0.27360803057682 0.095941361565627 0.19233837332162 0.16172583404171 0.13406027299074 0.1514902347815 0.26518210718917 0.10885332630315 0.0789968344014 0.085352368702493 0.13395751933014 0.26289575067942 0.23977127818211 0.21501239803156 0.2844844805939 0.1108423660238 0.10095123360253 0.11326004555826 0.20863792203801 0.22620957936164 0.2482604958075 0.22378613284647 0.10192535353028 0.22423967742516 0.13886913473105 0.17083289465424 0.13779174107139 0.26795232795851 0.16055740121407 0.16019541824729
0.074176316374229 0.19930036518707 0.14322345230336 0.25559102655711 0.10642873950533 0.069237032515703 0.10460696311813 0.28497407965075 0.17241980237625 0.19929180766924 0.20369872296703 0.093172190554542 0.070160623608276 0.25956157379442 0.090769145043013 0.21670561277372 0.19917706128929 0.21033146880531 0.16831904458798 0.2196156790958 0.2468829475303 0.24317393922335 0.10414458811642 0.17356308806099 0.1736351494424 0.14056493666977 0.10980114113073 0.070479821323913 0.10910062758845 0.22144024018596 0.082848638137507 0.27923842762818 0.28401471562464 0.068801503937712 0.064806109904171 0.25307075022361 0.17635672632416 0.22573875837463 0.10668969206158 0.12906112538759 0.28295443544218 0.10160662593557 0.11290606612003 0.13974947397712 0.14863866872429 0.25181396922687 0.066017944686714 0.23093085901312 0.063077756450889 0.17290078201939 0.074707162193923 0.12841453225119 0.063671807982968 0.12935400437228 0.14752663067032 0.22814675532327 0.17935619657496 0.090102986971696 0.12362202134044 0.092248618402291 0.13651105216019 0.066014083984145 0.065086671655918 0.18939809936393 0.19781935542609 0.086175717150241 0.1564555486259 0.18005190541671 0.13572885161667 0.22164998858048 0.28216642860314 0.15034884502455 0.14803070325352 0.24093240501104 0.1123369176762 0.077501292222197 0.11723320971793 0.23872070057407 0.20270076740344 0.2517049407387 0.27927081605383 0.10403318761936 0.17834597406989 0.1773923436079 0.16877866570592 0.086587771439233 0.072083933527312 0.12569766129067 0.066337054460041 0.1988006982271 0.079402971096069 0.22938176753408 0.16543588418559 0.11969968046642 0.069555669921051
0.1383952533393 0.21699645821298 0.12167645958702 0.22102257313238 0.14057414057325 0.12652534078825 0.097144201919752 0.067908580675234 0.097086014968754 0.10397929550599 0.17810611097787 0.2449894161475 0.15123689888743 0.19331445649833 0.085109770995592 0.26161442055528 0.068091288293804 0.17217889098527 0.066585471857854 0.14459235095146 0.13085457381146 0.090708920495699 0.24108043529554 0.10991460041512 0.089074586337106 0.14510812675182 0.19749267906225 0.20085758003818 0.18371923025341 0.07690287536318 0.069741154924019 0.2100915702725 0.070516326981394 0.12686401868965 0.23916471926436 0.066799039932663 0.16207129498625 0.16142089413193 0.13535103752897 0.091549755014819 0.079368920173373 0.10552837534939 0.16684161484499 0.19051283887958 0.23749339183304 0.14908108676282 0.090468947136691 0.12496708876694 0.13228790790661 0.27745686955455 0.2342647409508 0.19187675306141 0.16303586408873 0.24875588345785 0.17068269538293 0.1554711998416 0.12990603353685 0.06957031777383 0.090462881370959 0.21936687582979 0.26162960406749 0.13960128323528 0.1543640559356 0.13641670898377 0.089379283598379 0.14186239681681 0.14494674511461 0.19156529793792 0.07370803160368 0.20847367372107 0.24430707411232 0.2305101712931 0.25488080692444 0.23310233201582 0.16429078761832 0.13972726674879 0.11710354067312 0.10447954971409 0.18405178455263 0.10468486811 0.26795014924816 0.13270436602008 0.23365829568796 0.18331947797541 0.080797470458445 0.2462598122039 0.24073572279741 0.095426192232454 0.13857357670679 0.16349416824693 0.26385236764688 0.21218895997221 0.15316391057249 0.15814111488423 0.16608998396768 0.13276535298942
0.19038448386704 0.10973005603624 0.25513668910035 0.14799333958577 0.14853879300399 0.15459949924214 0.12305237482761 0.109190181433 0.16241874990523 0.090011343671527 0.24016084129324 0.15358350762175 0.15402217928304 0.083603921228933 0.06283556573975 0.11606043707679 0.28081012484113 0.16150441244504 0.064858184208466 0.23837372132403 0.089331990229624 0.19375677758853 0.12067498535437 0.06689584848041 0.073212521597877 0.10875218332652 0.20792027857517 0.15248268092848 0.08474555410306 0.22204845825689 0.2369033548092 0.16288159864982 0.1389165959663 0.23502169856081 0.11342830829518 0.12502951928528 0.2797127915638 0.26217157839237 0.21119689439941 0.10089084115421 0.18314204826509 0.26306779979075 0.2804796274754 0.097482653630596 0.21832609828941 0.16076385255137 0.11791717377179 0.16164943824809 0.19561924402203 0.12654408359097 0.28391448158468 0.063850927180641 0.16841061852509 0.25760514585456 0.080701135195616 0.16944244501395 0.24331964065461 0.22835654230958 0.09546682616492 0.081158961488075 0.084024225986701 0.27267381912549 0.23465796159814 0.18201687351516 0.074316967195634 0.10887366965174 0.16948505904906 0.067918183733801 0.08369785326938 0.16801585163287 0.068945490236205 0.28521374928156 0.15007529805292 0.12011278784819 0.27638660685547 0.087998123636293 0.21606392116314 0.11657888072546 0.27010745765152 0.076091761603844 0.071400771236893 0.072661095321107 0.27386392817202 0.15291911315327 0.08725768055864 0.24333634941577 0.26011266878113 0.12676956391434 0.085376345068548 0.28541368853616 0.26229422963337 0.24630211688368 0.27337975191581 0.072817677249228 0.2336476983046 0.11853332079294 0.26225194110879
0.14369689518302 0.07895763748293 0.14696874119271 0.10610916321321 0.26254588114589 0.19223852246623 0.24088754126869 0.11042916512666 0.117470869622 0.15247472688296 0.13020367499312 0.11151998897481 0.14726767504872 0.12385259400778 0.088313548683633 0.2190444668148 0.10057181028233 0.23581113857383 0.081125249187149 0.12580497494111 0.19597371731106 0.15097725785634 0.067461178882545 0.18643478189006 0.18877288645373 0.26130080624672 0.15056414005729 0.090698331505928 0.10392540256409 0.087035754382761 0.25845623421427 0.18007067562359 0.27443561875671 0.2591261656295 0.072353142473766 0.083008248168336 0.13620084763775 0.20170104915201 0.21049346349233 0.11289032351389 0.1851457008717 0.14438484269096 0.064669386434908 0.18627120727917 0.092940633117523 0.26349390321961 0.11231900078452 0.10146679421261 0.10357155257646 0.099658475942139 0.1897525087015 0.08917320788934 0.063664054428428 0.20147515320278 0.13672004994054 0.14167931501558 0.11861568466389 0.12320096177878 0.26758843618808 0.25780957937077 0.1549089918744 0.17926030003268 0.072249925772628 0.109122291053 0.15330561819077 0.16771602375304 0.081270115133753 0.16103460485013 0.20723960696159 0.19202661719975 0.099324982151255 0.19639605452065 0.28093998507339 0.070970811993631 0.25920192044224 0.17558435390412 0.066375058161464 0.080284301229614 0.27975243969552 0.10111967612305 0.18160678743138 0.22475297857525 0.25361106899262 0.12982421487111 0.14376900966478 0.23077745933715 0.23106218017581 0.1636204082114 0.20535744998145 0.14171337737148 0.14772285676703 0.26000890050536 0.13374106186462 0.13468305937026 0.13547487531221 0.091499078782442 0.17488332260256 0.071131413424469
0.16729188942987 0.17506339379154 0.16888809123216 0.22846730101108 0.28030813944397 0.23749792613131 0.19559881413766 0.076976378584486 0.11126460670715 0.12619186094226 0.27962956430999 0.11196368881316 0.11829153431214 0.28365981453362 0.1083011427747 0.10461493935151 0.12372747378102 0.065643418393191 0.20896211280375 0.24154048798062 0.16196196321095 0.070664370998051 0.22185674555371 0.18492869799749 0.079972779479044 0.20230600463648 0.069092347626352 0.1362617405053 0.067161412567947 0.188445596441 0.15497902952209 0.065263198265121 0.22911008030795 0.070184178002889 0.18678764199696 0.10903514372187 0.12707503853344 0.1245240149232 0.23443323177723 0.21506122555091 0.23233382181117 0.23584541417534 0.19181680170786 0.082372531953395 0.15489303089477 0.098110302970653 0.072616100945893 0.24116181952164 0.1713521462809 0.12945310806415 0.14808897370197 0.069019685011507 0.063909133138468 0.14590662742649 0.15307506377278 0.079333518319118 0.25548053736539 0.13323690137251 0.12136386301598 0.28171885907514 0.075162073849959 0.18361300593184 0.10978272103085 0.18012155840577 0.24907290146657 0.17172693063207 0.1061129364573 0.22077729862075 0.080557839704358 0.081387095891535 0.081072280779937 0.16587621140039 0.13563178816836 0.18419176488144 0.2272935934275 0.13658409950573 0.27282148754678 0.066541799599968 0.13906992047145 0.2775023164834 0.10126151560396 0.20211951480376 0.28099576637271 0.20298329085544 0.20518779379226 0.2834307906109 0.19707548758531 0.077504108867755 0.24407256092918 0.072161215231221 0.10688125047489 0.11713877115671 0.077468881730227 0.21000157681759 0.26255003079847 0.23989008843975 0.19980072044052 0.089116562319857 0.14689851677788
0.06853988037957 0.1614594543389 0.26006945452941 0.085925773223305 0.095510583393529 0.18010813474172 0.099059667511225 0.066807762021643 0.24962825197501 0.22488148763575 0.25665835850083 0.21255446124042 0.11523103698876 0.12098974668058 0.097319399872302 0.075787657612328 0.24623465594853 0.14339919340727 0.17503282015111 0.079762864631344 0.068612635609302 0.11239358888918 0.2150136958593 0.2774094493514 0.1137397671595 0.2171648475791 0.17183211851114 0.098907069524918 0.086318917652314 0.091383705939837 0.13758933564468 0.1394075788551 0.16812550219196 0.1140105154447 0.21048227616322 0.18988758186257 0.13178766202223 0.14925187927017 0.078985385353524 0.23921625828192 0.24158757078358 0.096124869919894 0.091014720606576 0.10627358375345 0.069624094891944 0.2479840456213 0.1038716214743 0.066652200311478 0.073046912509733 0.096985652913351 0.26213439986527 0.13664676192131 0.095102203775618 0.097951048698149 0.090441205322681 0.2429337395152 0.25022422275518 0.19174783747815 0.25556204323721 0.23744996773737 0.20629476792174 0.19420266556465 0.22619547539024 0.13889355209073 0.070561410775008 0.11657762158003 0.072120670565112 0.10077184151432 0.19643140152242 0.15213851254369 0.24965909348771 0.17467968495332 0.23955049903279 0.2616719659087 0.13037292959214 0.093079903129709 0.131940474065 0.082968710367654 0.086841913995146 0.1352935887876 0.069854969000717 0.14612346988303 0.079212195540349 0.1122626384498 0.12934867750014 0.12231068417781 0.13401195772603 0.14424105231951 0.17132609328912 0.17861568589858 0.20223590915939 0.18756173833078 0.19551508882517 0.2290984210427 0.082431988054299 0.11710013923962 0.27313802451784 0.081396953688416 0.11739944709353 0.19228349092215