29
88 5.1916021021342
63 2.4065847014119
89 5.2857650625837
72 3.5193463066163
66 2.7942514983694
86 5.0000227835951
120 7.7762265046662
60 2
115 7.4215630511762
99 6.1731273992707
105 6.6634648994619
70 3.0276711988484
93 5.6521244244263
61 2.1377441829268
81 4.5008716037528
68 3.0430261912834
79 4.2925274187077
101 6.3397996218263
118 7.636167185363
91 5.4709578691229
77 4.0788404969299
71 3.4027942901601
110 7.0511316964193
80 4.3973506037648
104 6.5837194743273
116 7.4937135740355
109 6.9750276667254
112 7.2012859089416
119 7.7064910907452