30
65 2.6670225639461
96 5.9166969103811
66 2.7942514983694
69 3.1646828531263
98 6.0885243037373
60 2
110 7.0511316964193
76 3.9699064838686
84 4.8039353051768
72 3.5193463066163
94 5.7412518337325
87 5.0963629702707
116 7.4937135740355
119 7.7064910907452
97 6.0030534690107
79 4.2925274187077
117 7.5652447714638
70 3.2845889985605
118 7.636167185363
107 6.820702268665
90 5.3788759009014
115 7.4215630511762
88 5.1916021021342
86 5.0000227835951
102 6.4219020921848
61 2.1377441829268
64 2.5378210094798
99 6.1731273992707
62 2.2732485235249
112 7.2012859089416