30
82 4.6031223753513
62 2.2732485235249
64 2.5378210094798
96 5.9166969103811
69 3.1646828531263
115 7.4215630511762
95 5.8294360781537
80 4.3973506037648
101 6.3397996218263
85 4.9025557855685
65 2.6670225639461
108 6.8982222075177
74 3.7476710915172
68 3.0430261912834
103 6.5032035500628
76 3.9699064838686
109 6.9750276667254
112 7.2012859089416
99 6.1731273992707
110 7.0511316964193
66 2.7942514983694
86 5.0000227835951
114 7.34878238477
81 4.5008716037528
87 5.0963629702707
106 6.7424544324164
90 5.3788759009014
107 6.820702268665
118 7.636167185363
72 3.5193463066163