31
114 7.34878238477
112 7.2012859089416
88 5.1916021021342
115 7.4215630511762
111 7.1265469924186
102 6.4219020921848
110 7.0511316964193
119 7.7064910907452
117 7.5652447714638
90 5.3788759009014
79 4.2925274187077
116 7.4937135740355
99 6.1731273992707
84 4.8039353051768
75 3.8595295942851
67 2.9195671430739
83 4.7041337131208
97 6.0030534690107
105 6.6634648994619
101 6.3397996218263
106 6.7424544324164
103 6.5032035500628
70 3.2845889985605
61 2.1377441829268
65 2.6670225639461
72 3.5193463066163
76 3.9699064838686
100 6.2568801980499
85 4.9025557855685
107 5.856561814932
120 7.7762265046662