371
4690 908
9614 206
3153 717
9884 843
3665 974
3420 605
8249 457
3084 759
4345 480
8413 679
7716 330
5660 374
5429 74
4687 440
8777 346
5010 312
7034 933
3292 898
9601 222
9677 291
7439 886
7817 792
4386 236
5429 822
3565 870
5969 887
6778 755
5466 473
5078 344
6999 905
3762 824
6196 812
9792 116
8170 93
4583 423
3787 559
4232 516
9272 213
8744 331
5599 741
6248 925
8980 778
8612 659
4514 690
7320 671
7331 260
3527 880
9372 52
7060 514
7582 811
9399 277
9266 320
9150 954
7343 197
3882 839
7164 510
3836 141
3574 887
7269 819
5406 531
7097 901
5427 707
3530 311
7962 778
8860 758
7353 146
8342 621
8410 719
5621 253
5209 405
7040 714
6498 463
5176 345
4087 149
8300 669
7928 86
6608 385
8338 158
6280 977
5693 204
6327 915
7156 556
7084 50
6846 953
4230 101
4279 521
9418 597
3506 696
3243 383
9529 819
3172 264
8365 507
9493 602
3716 740
5538 456
8053 961
3098 803
7154 147
8961 174
5042 737
3381 615
6594 625
7483 898
4447 485
8768 768
8008 751
3080 555
7059 309
4645 509
6193 875
8850 651
6035 460
5216 505
9151 527
9062 126
6247 937
6228 337
4240 909
8074 652
8174 916
8172 775
3356 130
7565 999
3695 295
8469 266
7649 226
6666 858
8906 174
5473 898
3992 751
9733 346
7643 904
6562 397
8705 480
8034 427
5435 60
3178 921
9260 500
4216 964
7551 948
4183 610
4960 944
7164 894
6435 962
3730 854
3262 674
5807 951
4433 666
7733 825
4582 54
5118 864
5188 134
8241 150
6868 151
4595 773
8187 124
9721 930
6632 373
7248 673
5158 129
4708 836
7756 375
8038 821
5405 723
4903 878
3032 999
9368 239
4238 752
8774 139
9184 193
9397 983
6318 381
3728 502
8424 557
8677 141
7519 356
4338 763
7557 902
5629 257
6327 161
8928 60
5515 690
9118 382
7830 990
7184 648
3631 594
6356 833
6284 286
3856 625
8531 746
4604 887
3612 79
3545 906
3807 389
5187 243
9712 706
4976 734
3744 157
7447 735
9543 512
9224 342
3286 205
4621 211
9549 870
3086 280
3487 996
4075 608
7639 574
5098 401
4981 136
7672 472
3887 485
8242 721
5637 750
5848 199
6012 611
6382 76
5540 320
4319 394
6628 538
9617 271
5622 302
8289 787
4889 363
5913 672
6899 852
7526 121
9188 544
8046 832
8775 85
4577 62
5746 913
9336 212
7081 50
4656 517
6570 826
5652 674
7189 988
3858 279
9403 718
8832 853
5958 299
3352 403
8380 891
9612 723
3834 503
6590 939
8241 372
8893 803
5220 742
4358 741
6355 991
5817 109
9682 568
8804 254
8085 866
3098 650
3190 101
7373 72
4211 509
5484 73
4087 793
4620 894
9359 723
6800 861
8467 912
6271 451
5197 763
4650 792
8621 336
5456 370
4138 238
5093 984
9482 481
6257 177
3930 628
7405 753
4495 303
4638 864
8627 880
8595 89
5579 622
4488 220
9755 273
9860 486
4011 280
4963 209
8330 175
6409 135
9005 814
3526 562
3122 217
3825 752
9856 519
4150 696
4044 876
7950 458
3176 246
3878 730
4433 556
9712 398
6213 580
6039 684
5666 585
5428 97
4159 752
4835 153
6018 272
5376 935
8450 502
9738 595
5863 839
4818 342
4059 337
7558 541
4009 407
8648 89
4896 311
9549 442
5167 152
6760 816
5439 640
3174 601
8989 95
7082 632
6156 774
9720 987
6310 392
4607 108
6420 363
5803 440
7702 299
7957 101
6284 312
5522 573
4562 362
3656 761
9387 538
3378 292
3234 61
9204 185
9335 132
9857 753
6580 776
7101 403
9990 587
7814 889
9459 449
7022 653
3590 469
9631 599
9440 494
3755 606
4513 358
3246 320
9727 279
6523 159
9189 791
8403 250
8764 735
7209 793
4742 428
6737 861
5153 292
9683 744
6989 575
9769 733
4534 254
6131 343
7484 530
3341 719