84
9780 263
8925 864
4833 104
7496 470
7203 392
6579 931
4099 873
9300 658
7323 88
8414 940
8960 599
9073 181
9963 419
7493 59
8905 526
3636 999
4002 128
6752 535
6543 712
4855 197
3246 961
8065 655
7607 253
6321 174
6110 806
7936 539
6344 832
3228 891
5979 253
4733 843
8827 922
9827 298
9591 892
4082 971
9746 999
9117 161
6679 679
4737 516
9185 986
8567 391
3152 595
7027 247
9915 814
5530 772
4841 853
6013 544
5959 265
5026 782
9020 656
8402 60
6792 922
7833 60
4990 186
3573 163
8966 302
4099 298
5703 835
4908 456
8380 881
6926 828
8303 139
8873 387
3806 231
7819 393
4828 449
9517 319
4085 55
6213 574
5962 183
6252 392
9440 463
8420 575
6352 771
6281 765
4709 549
4896 971
8633 862
9837 161
6087 131
3865 437
4371 824
8570 762
4621 883
3930 82