1000 1000
6 11
7 13
22 10
20 8
6 29
24 11
12 8
6 20
30 25
18 28
15 27
13 19
12 18
17 13
23 28
23 23
27 15
26 27
21 25
8 22
12 22
15 23
15 15
22 20
17 27
29 12
11 12
13 25
7 19
23 12
27 7
10 22
22 25
20 25
9 5
11 19
28 16
16 17
14 18
17 28
19 16
10 22
30 21
9 27
9 12
30 10
15 11
12 23
15 8
15 10
16 16
12 9
18 22
28 24
18 18
9 22
18 23
20 23
19 8
25 22
28 11
9 14
16 22
15 22
8 9
18 20
13 17
27 28
20 28
18 18
6 17
25 29
18 28
29 19
9 30
27 17
25 14
28 17
18 11
20 20
18 24
23 23
30 7
10 26
26 25
5 25
14 22
14 15
8 24
10 19
28 27
28 11
27 5
17 13
11 11
10 10
14 21
30 14
30 24
15 27
13 29
30 9
17 25
29 20
15 13
26 20
7 24
26 16
18 9
9 10
20 20
21 14
11 30
17 5
5 22
30 12
28 23
26 11
24 5
13 15
19 17
18 24
8 8
18 12
16 16
28 29
7 12
17 22
17 25
20 25
24 8
9 24
30 20
26 24
29 7
14 14
15 22
18 28
25 19
9 7
30 16
10 12
22 17
8 23
19 6
21 12
11 16
14 11
29 11
16 12
26 12
12 7
11 12
23 6
19 26
19 18
29 5
18 16
9 10
9 18
7 16
30 25
17 13
19 28
8 19
14 5
5 22
29 5
20 25
26 16
30 9
15 30
30 10
7 15
7 8
27 8
24 7
15 12
13 14
21 17
14 13
22 16
18 12
5 18
25 25
17 13
14 17
24 16
21 11
14 29
19 28
8 16
17 6
10 14
15 24
13 16
28 16
9 20
27 17
7 27
20 28
24 11
13 15
5 5
6 26
20 7
24 6
30 5
24 22
15 29
19 8
30 9
7 21
17 26
16 7
21 19
8 29
18 15
18 17
6 18
28 6
25 7
28 10
21 5
14 8
26 6
28 14
25 27
23 26
8 19
6 26
30 19
29 17
25 7
10 28
14 21
10 25
29 5
15 5
13 20
11 15
26 27
6 15
23 11
18 18
15 9
8 26
15 10
25 5
15 28
30 11
5 21
16 6
13 17
10 12
21 21
30 12
22 14
24 28
22 27
10 11
20 17
20 13
7 9
19 7
11 13
12 23
28 22
14 5
20 30
13 28
25 14
25 14
21 16
23 20
22 18
6 13
11 15
11 12
22 13
20 23
6 28
28 15
17 10
14 25
23 13
14 28
23 6
5 29
22 28
6 19
18 20
10 22
13 8
13 14
28 5
15 26
15 12
11 5
25 20
7 30
16 13
9 14
24 12
17 25
6 19
22 12
16 7
10 13
16 14
25 30
12 16
10 11
7 18
7 9
10 20
5 7
20 22
9 6
13 27
30 10
11 8
15 16
16 26
6 18
5 8
30 12
30 12
27 20
11 8
23 19
23 6
29 6
9 8
26 24
13 9
23 25
22 27
25 21
24 18
7 28
14 20
11 7
20 22
10 30
26 27
7 15
27 27
26 9
7 21
7 27
29 16
13 18
13 9
16 21
11 25
25 20
5 6
17 17
6 22
24 26
19 17
8 19
11 9
26 8
30 15
18 25
25 16
11 28
24 21
14 25
17 24
10 11
26 18
18 8
17 6
13 14
15 5
23 30
29 19
7 30
22 19
25 20
21 10
26 26
13 29
8 27
23 12
23 5
11 13
19 14
20 6
16 26
11 9
9 28
14 21
26 23
14 25
22 9
18 20
7 16
6 5
13 28
5 20
17 24
28 27
18 10
9 13
11 28
21 13
30 12
6 24
13 19
28 6
20 19
7 16
10 19
24 6
30 29
16 9
10 29
30 16
18 9
23 16
5 16
18 26
5 24
20 14
16 19
24 20
20 23
5 9
26 7
8 22
19 14
18 17
13 18
21 15
27 20
6 13
17 10
15 19
6 23
8 18
24 5
19 26
22 9
8 18
10 27
17 10
10 10
8 5
15 19
13 28
30 22
27 29
14 21
30 9
18 12
29 7
8 15
25 20
10 10
28 8
11 18
26 8
8 25
25 5
6 18
17 5
8 24
25 6
17 27
26 19
11 30
19 22
30 12
16 21
24 23
23 18
9 7
30 25
13 23
20 9
14 23
18 24
7 17
20 21
16 12
24 21
26 8
11 18
17 30
15 16
22 22
14 19
15 26
26 27
30 20
27 15
17 18
29 13
18 26
23 27
26 22
13 26
19 17
25 9
8 8
19 28
6 15
12 6
7 6
7 16
27 14
23 8
17 24
18 14
21 29
13 20
9 19
20 23
30 14
14 8
11 12
22 7
19 18
27 7
6 28
8 28
30 26
23 17
26 28
19 9
12 14
13 17
8 23
10 25
28 23
8 9
30 29
24 11
21 8
5 14
16 18
10 8
7 10
27 20
24 8
14 23
13 11
25 16
22 29
30 21
5 21
30 30
29 22
16 28
23 10
16 12
13 9
23 9
13 10
12 17
30 15
13 15
19 13
16 13
5 18
12 28
25 19
19 21
24 14
14 5
14 5
10 20
25 27
11 15
12 6
23 6
13 21
26 27
13 28
24 30
12 6
26 20
25 20
21 22
10 15
30 19
8 24
21 18
6 18
10 8
22 5
8 28
23 22
30 6
27 19
9 11
21 14
26 30
21 12
5 15
24 20
24 13
22 15
16 5
17 18
10 21
5 7
7 23
23 6
23 24
21 7
10 13
8 27
26 23
28 26
10 19
8 30
22 26
18 16
9 6
7 29
17 13
19 19
12 10
7 12
26 11
20 30
26 19
27 16
23 9
8 20
15 19
27 27
12 14
14 17
23 7
22 21
19 24
30 5
15 22
13 11
29 26
13 20
21 20
26 22
15 9
14 25
6 7
10 23
20 28
19 30
9 11
16 27
5 13
6 22
5 13
7 18
15 12
29 12
29 29
26 18
7 28
17 27
15 13
14 7
5 25
14 24
7 12
6 17
25 14
16 19
13 25
24 28
12 19
27 28
17 24
20 19
21 26
21 7
19 19
10 16
13 15
29 15
28 12
18 6
10 18
18 10
15 25
24 5
21 24
14 7
17 11
10 23
24 11
16 7
6 17
15 13
28 7
15 9
10 17
13 8
25 26
25 30
11 22
25 18
11 7
28 25
6 20
16 14
20 21
22 29
6 22
26 8
30 7
27 7
6 12
12 13
16 5
18 15
8 12
17 11
30 27
7 12
21 6
21 28
8 18
14 15
9 8
25 5
29 20
21 6
12 25
18 11
6 9
6 29
23 30
9 20
13 24
6 24
25 21
21 12
10 8
9 15
29 5
30 11
18 24
18 26
30 30
15 13
19 10
13 20
6 6
23 25
6 18
14 19
15 14
8 7
8 12
12 13
22 6
19 26
6 11
10 18
22 16
20 15
26 17
29 17
24 27
10 15
29 7
30 20
21 26
16 10
13 9
26 18
5 27
9 25
6 17
17 11
8 26
16 7
17 16
10 26
14 17
25 29
13 10
27 29
6 13
17 16
18 21
15 30
30 11
13 18
30 18
26 6
29 22
21 29
7 23
28 22
5 26
19 20
26 23
9 18
17 6
6 18
13 18
11 20
16 8
19 23
14 16
18 8
20 29
9 12
10 22
9 16
6 7
22 5
6 5
30 13
13 28
8 21
11 29
25 19
8 18
21 22
10 20
25 17
6 6
6 29
25 18
22 15
26 23
23 30
28 18
22 10
13 17
6 17
13 24
11 5
17 12
9 7
15 15
5 5
9 24
5 13
6 9
18 29
14 21
15 30
10 14
11 6
7 23
6 23
29 15
19 19
13 16
21 9
8 19
29 16
26 22
25 20
28 27
27 14
8 27
5 11
7 19
8 7
18 11
8 27
30 28
29 16
10 14
23 19
24 12
22 6
7 21
9 29
7 13
14 27
8 14
30 22
6 25
30 17
5 26
21 20
13 16
29 23
22 12
5 27
11 24
27 9
21 16
28 5
9 27
15 13
19 30
29 16
19 11
26 20
30 29
21 30
12 28
25 9
15 19
6 6
8 29
23 16
9 9
20 10
19 29
16 5
28 5
17 29
28 15
13 24
20 26
14 22
14 11
29 10
23 30
8 8
9 13
17 26
8 23
26 6
6 8
28 16
18 23
10 13
28 5
11 26
11 20
14 24
27 6
25 19
20 10
19 16
14 12
6 25
16 15
24 12
20 14
12 15
25 12
29 7
8 22
25 26
5 22
29 27
20 7
12 20
17 28
8 10
10 26
22 19
27 13
19 15
28 10
13 30
21 11
19 20
21 16
15 17
30 14
7 8
15 26
12 15
15 9
26 24
16 25
25 14
23 18
23 14
6 29
20 28
14 13
23 6
19 21
11 29
18 11
21 29
16 5
18 10
26 30
28 14
19 9
25 25
22 9
23 14
30 19
14 17
18 14
13 13
9 24
13 19
10 20