500
166
211
232
109
76
178
185
153
102
68
247
108
44
19
2
57
53
168
216
89
147
99
28
34
82
11
95
140
48
56
3
31
189
10
10
155
245
115
180
108
95
237
160
176
31
204
28
210
24
124
16
174
78
56
218
205
162
148
141
69
181
224
176
186
223
143
49
199
190
11
183
244
213
250
35
99
137
73
114
242
98
42
140
42
77
24
190
191
229
180
157
225
167
54
89
150
2
210
223
234
95
207
168
214
177
241
225
136
68
199
20
176
102
72
31
36
201
94
106
185
205
141
111
17
239
100
186
26
247
8
53
212
177
238
36
194
117
12
157
128
154
178
165
209
134
36
160
13
164
123
15
121
218
20
163
77
166
245
44
103
102
179
184
12
32
21
202
179
43
231
59
9
14
168
65
21
167
247
29
208
10
98
113
21
52
51
93
116
116
197
233
237
160
190
210
168
164
134
146
152
186
163
71
157
40
33
89
209
182
166
224
10
119
57
30
64
28
75
90
44
243
168
119
70
87
160
141
104
190
11
93
204
122
211
26
46
112
209
216
73
245
168
42
30
82
108
17
104
61
128
115
58
198
177
66
71
146
229
226
68
77
176
45
100
22
93
146
65
88
9
30
25
65
56
156
236
145
233
98
48
173
13
64
29
92
10
111
142
6
235
245
231
76
26
180
16
84
176
194
131
108
142
55
184
62
1
110
237
95
173
106
108
55
230
243
99
68
42
246
162
27
142
184
91
80
231
7
213
166
227
36
96
30
229
60
114
78
67
70
4
163
106
6
78
128
61
118
178
129
75
22
225
22
89
245
50
10
86
121
48
201
120
207
32
192
143
242
135
82
163
88
237
175
226
57
73
119
250
205
100
111
224
177
132
29
39
140
98
56
121
121
68
203
120
81
173
133
164
48
88
124
214
224
176
191
89
208
22
153
104
96
73
84
231
234
86
27
56
44
23
55
63
44
231
132
145
62
105
228
51
85
225
26
85
215
128
148
242
119
87
207
236
75
187
209
123
40
167
33
78
29
181
62
73
124
85
168
56
187
42
166
48
88
250
155
245
199
181
250
70
62
128
245
9
170
18
45
224
195
176
78
48
84
55
228
236
221
178
61
62
193
122
48
232
166
51
197
47
119
128
163