28
105 6.6634648994619
111 7.1265469924186
84 4.8039353051768
82 4.6031223753513
101 6.3397996218263
113 7.275360470752
86 5.0000227835951
60 2
72 3.5193463066163
85 4.9025557855685
91 5.4709578691229
80 4.3973506037648
74 3.7476710915172
108 6.8982222075177
65 2.6670225639461
112 7.2012859089416
116 7.4937135740355
117 7.5652447714638
70 3.2845889985605
68 3.0430261912834
81 4.5008716037528
120 7.7762265046662
64 2.5378210094798
118 7.636167185363
90 5.3788759009014
104 6.5837194743273
79 4.2925274187077
69 3.1646828531263